0.0807607
0.161521
0.242282
0.323043
0.403804
0.484564
0.565325
0.646086
0.726847
0.807607
0.888368
0.969129
1.04989
1.13065
1.21141
1.29217
1.37293
1.45369
1.53445
1.61521
1.72943
1.84364
1.95785
2.07207
2.18628
2.30049
2.41471
2.52892
2.64313
2.75734
2.79716
2.83698
2.8768
2.91661
2.95643
2.99625
3.03607
3.07588
3.1157
3.15552
3.23628
3.31704
3.3978
3.47856
3.55932
3.64008
3.72084
3.8016
3.88236
3.96313
4.04389
4.12465
4.20541
4.28617
4.36693
4.44769
4.52845
4.60921
4.68997
4.77073
4.81055
4.85037
4.89018
4.93
4.96982
5.00964
5.04945
5.08927
5.12909
5.16891
5.28312
5.39733
5.51155
5.62576
5.73997
5.85418
5.9684
6.08261
6.19682
6.31104
