timestep		r					n		1		2		3		4		5
				 						 	fcc		hcp		bcc		ico		unknown 
80000
			0(0~6.36321)   	 		110		3		1		0		0		106		
			1(6.36321~8.01715) 		103		0		0		0		0		103		
			2(8.01715~9.17734) 		46		0		0		0		0		46		
			3(9.17734~10.101) 		0		0		0		0		0		0		
			4(10.101~10.8809) 		0		0		0		0		0		0		
			5(10.8809~11.5627) 		0		0		0		0		0		0		
			6(11.5627~12.1724) 		0		0		0		0		0		0		
			7(12.1724~12.7264) 		0		0		0		0		0		0		
			8(12.7264~13.236) 		0		0		0		0		0		0		
			9(13.236~13.7091) 		0		0		0		0		0		0		

82000
			0(0~6.36149)   	 		110		2		1		0		0		107		
			1(6.36149~8.01497) 		96		0		0		0		0		96		
			2(8.01497~9.17485) 		53		1		0		0		0		52		
			3(9.17485~10.0982) 		0		0		0		0		0		0		
			4(10.0982~10.878) 		0		0		0		0		0		0		
			5(10.878~11.5596) 		0		0		0		0		0		0		
			6(11.5596~12.1691) 		0		0		0		0		0		0		
			7(12.1691~12.723) 		0		0		0		0		0		0		
			8(12.723~13.2324) 		0		0		0		0		0		0		
			9(13.2324~13.7054) 		0		0		0		0		0		0		

84000
			0(0~6.32831)   	 		111		2		0		0		0		109		
			1(6.32831~7.97317) 		91		0		0		0		0		91		
			2(7.97317~9.127) 		57		1		1		0		0		55		
			3(9.127~10.0456) 		0		0		0		0		0		0		
			4(10.0456~10.8213) 		0		0		0		0		0		0		
			5(10.8213~11.4993) 		0		0		0		0		0		0		
			6(11.4993~12.1056) 		0		0		0		0		0		0		
			7(12.1056~12.6566) 		0		0		0		0		0		0		
			8(12.6566~13.1634) 		0		0		0		0		0		0		
			9(13.1634~13.6339) 		0		0		0		0		0		0		

86000
			0(0~6.37378)   	 		112		2		0		0		0		110		
			1(6.37378~8.03045) 		96		0		1		0		0		95		
			2(8.03045~9.19258) 		51		1		0		0		0		50		
			3(9.19258~10.1177) 		0		0		0		0		0		0		
			4(10.1177~10.899) 		0		0		0		0		0		0		
			5(10.899~11.5819) 		0		0		0		0		0		0		
			6(11.5819~12.1926) 		0		0		0		0		0		0		
			7(12.1926~12.7476) 		0		0		0		0		0		0		
			8(12.7476~13.258) 		0		0		0		0		0		0		
			9(13.258~13.7319) 		0		0		0		0		0		0		

88000
			0(0~6.3318)   	 		111		2		0		0		0		109		
			1(6.3318~7.97757) 		97		0		1		0		0		96		
			2(7.97757~9.13203) 		50		1		0		0		0		49		
			3(9.13203~10.0511) 		1		0		0		0		0		1		
			4(10.0511~10.8272) 		0		0		0		0		0		0		
			5(10.8272~11.5056) 		0		0		0		0		0		0		
			6(11.5056~12.1123) 		0		0		0		0		0		0		
			7(12.1123~12.6636) 		0		0		0		0		0		0		
			8(12.6636~13.1707) 		0		0		0		0		0		0		
			9(13.1707~13.6414) 		0		0		0		0		0		0		

90000
			0(0~6.35336)   	 		110		3		1		0		0		106		
			1(6.35336~8.00473) 		99		0		0		0		0		99		
			2(8.00473~9.16312) 		50		0		0		0		0		50		
			3(9.16312~10.0853) 		0		0		0		0		0		0		
			4(10.0853~10.8641) 		0		0		0		0		0		0		
			5(10.8641~11.5448) 		0		0		0		0		0		0		
			6(11.5448~12.1535) 		0		0		0		0		0		0		
			7(12.1535~12.7067) 		0		0		0		0		0		0		
			8(12.7067~13.2155) 		0		0		0		0		0		0		
			9(13.2155~13.6879) 		0		0		0		0		0		0		

92000
			0(0~6.30539)   	 		109		1		1		0		0		107		
			1(6.30539~7.94429) 		94		2		0		0		0		92		
			2(7.94429~9.09394) 		56		0		0		0		0		56		
			3(9.09394~10.0092) 		0		0		0		0		0		0		
			4(10.0092~10.7821) 		0		0		0		0		0		0		
			5(10.7821~11.4576) 		0		0		0		0		0		0		
			6(11.4576~12.0618) 		0		0		0		0		0		0		
			7(12.0618~12.6108) 		0		0		0		0		0		0		
			8(12.6108~13.1157) 		0		0		0		0		0		0		
			9(13.1157~13.5845) 		0		0		0		0		0		0		

94000
			0(0~6.37222)   	 		112		1		0		0		0		111		
			1(6.37222~8.0285) 		93		2		0		0		0		91		
			2(8.0285~9.19034) 		53		0		1		0		0		52		
			3(9.19034~10.1153) 		1		0		0		0		0		1		
			4(10.1153~10.8963) 		0		0		0		0		0		0		
			5(10.8963~11.5791) 		0		0		0		0		0		0		
			6(11.5791~12.1896) 		0		0		0		0		0		0		
			7(12.1896~12.7444) 		0		0		0		0		0		0		
			8(12.7444~13.2548) 		0		0		0		0		0		0		
			9(13.2548~13.7285) 		0		0		0		0		0		0		

96000
			0(0~6.31386)   	 		108		3		1		0		0		104		
			1(6.31386~7.95497) 		92		0		0		0		0		92		
			2(7.95497~9.10616) 		58		0		0		0		0		58		
			3(9.10616~10.0226) 		1		0		0		0		0		1		
			4(10.0226~10.7965) 		0		0		0		0		0		0		
			5(10.7965~11.473) 		0		0		0		0		0		0		
			6(11.473~12.078) 		0		0		0		0		0		0		
			7(12.078~12.6277) 		0		0		0		0		0		0		
			8(12.6277~13.1334) 		0		0		0		0		0		0		
			9(13.1334~13.6028) 		0		0		0		0		0		0		

98000
			0(0~6.385)   	 		111		3		0		0		0		108		
			1(6.385~8.0446) 		98		0		0		0		0		98		
			2(8.0446~9.20877) 		50		0		1		0		0		49		
			3(9.20877~10.1356) 		0		0		0		0		0		0		
			4(10.1356~10.9182) 		0		0		0		0		0		0		
			5(10.9182~11.6023) 		0		0		0		0		0		0		
			6(11.6023~12.2141) 		0		0		0		0		0		0		
			7(12.2141~12.77) 		0		0		0		0		0		0		
			8(12.77~13.2813) 		0		0		0		0		0		0		
			9(13.2813~13.7561) 		0		0		0		0		0		0		

100000
			0(0~6.30094)   	 		109		2		0		0		0		107		
			1(6.30094~7.93869) 		91		1		0		0		0		90		
			2(7.93869~9.08753) 		59		0		1		0		0		58		
			3(9.08753~10.0021) 		0		0		0		0		0		0		
			4(10.0021~10.7745) 		0		0		0		0		0		0		
			5(10.7745~11.4496) 		0		0		0		0		0		0		
			6(11.4496~12.0533) 		0		0		0		0		0		0		
			7(12.0533~12.6019) 		0		0		0		0		0		0		
			8(12.6019~13.1065) 		0		0		0		0		0		0		
			9(13.1065~13.575) 		0		0		0		0		0		0		

