x	I	R	a	n	L	aE
36364.7	2.34579e+010	0.266943	2.34579e+010	2.292	3.75888e-005	7.9989e+008
18182.1	9.38432e+010	0.266968	9.38432e+010	2.29212	7.51745e-005	6.40001e+009
12121.4	2.11275e+011	0.26701	2.11275e+011	2.29231	0.000112802	2.1613e+010
9091.04	3.75779e+011	0.267069	3.75779e+011	2.29258	0.000150421	5.12555e+010
7272.86	5.87573e+011	0.267145	5.87573e+011	2.29293	0.000188075	1.00179e+011
6060.69	8.46846e+011	0.267237	8.46846e+011	2.29335	0.000225761	1.73262e+011
5194.89	1.15385e+012	0.267347	1.15385e+012	2.29386	0.000263488	2.75418e+011
4545.52	1.50889e+012	0.267473	1.50889e+012	2.29444	0.000301264	4.11619e+011
4040.47	1.91246e+012	0.267616	1.91246e+012	2.29509	0.000339122	5.86923e+011
3636.42	2.36463e+012	0.267776	2.36463e+012	2.29583	0.000377009	8.06329e+011
3305.84	2.86605e+012	0.267954	2.86605e+012	2.29665	0.000414968	1.07504e+012
3030.35	3.41721e+012	0.268149	3.41721e+012	2.29754	0.000453008	1.3983e+012
2797.25	4.01856e+012	0.26836	4.01856e+012	2.29852	0.000491123	1.7814e+012
2597.45	4.67091e+012	0.26859	4.67091e+012	2.29957	0.000529344	2.22985e+012
2424.28	5.3747e+012	0.268836	5.3747e+012	2.30071	0.000567653	2.74911e+012
2272.76	6.13058e+012	0.2691	6.13058e+012	2.30193	0.000606057	3.34479e+012
2139.07	6.93969e+012	0.269382	6.93969e+012	2.30323	0.000644594	4.02288e+012
2020.23	7.80244e+012	0.269682	7.80244e+012	2.30461	0.000683237	4.78906e+012
1913.91	8.72007e+012	0.269999	8.72007e+012	2.30608	0.000722023	5.64965e+012
1818.21	9.69319e+012	0.270335	9.69319e+012	2.30763	0.000760932	6.61065e+012
1731.63	1.07229e+013	0.270688	1.07229e+013	2.30926	0.00079998	7.67856e+012
1652.92	1.18105e+013	0.27106	1.18105e+013	2.31098	0.000839193	8.86011e+012
1581.05	1.29569e+013	0.27145	1.29569e+013	2.31279	0.00087856	1.0162e+013
1515.18	1.41636e+013	0.271859	1.41636e+013	2.31468	0.000918106	1.15913e+013
1454.57	1.54319e+013	0.272287	1.54319e+013	2.31666	0.000957841	1.31555e+013
1398.62	1.67627e+013	0.272734	1.67627e+013	2.31874	0.000997741	1.48616e+013
1346.82	1.81581e+013	0.2732	1.81581e+013	2.3209	0.00103787	1.67179e+013
1298.72	1.96191e+013	0.273685	1.96191e+013	2.32315	0.00107817	1.8732e+013
1253.94	2.11479e+013	0.27419	2.11479e+013	2.3255	0.00111872	2.09128e+013
1212.14	2.27459e+013	0.274714	2.27459e+013	2.32794	0.00115948	2.32687e+013
1173.04	2.44153e+013	0.275259	2.44153e+013	2.33048	0.0012005	2.58089e+013
1136.38	2.61573e+013	0.275824	2.61573e+013	2.33312	0.00124174	2.85424e+013
1101.95	2.79749e+013	0.276409	2.79749e+013	2.33585	0.00128327	3.14796e+013
1069.54	2.987e+013	0.277016	2.987e+013	2.33869	0.00132507	3.46307e+013
1038.98	3.18447e+013	0.277643	3.18447e+013	2.34162	0.00136714	3.8006e+013
1010.12	3.39018e+013	0.278292	3.39018e+013	2.34466	0.00140953	4.16172e+013
982.817	3.60433e+013	0.278962	3.60433e+013	2.34781	0.00145221	4.54751e+013
956.953	3.82728e+013	0.279655	3.82728e+013	2.35106	0.00149523	4.95931e+013
932.416	4.0593e+013	0.280369	4.0593e+013	2.35442	0.0015386	5.39838e+013
909.106	4.30066e+013	0.281107	4.30066e+013	2.3579	0.00158232	5.86601e+013
886.932	4.55174e+013	0.281868	4.55174e+013	2.36148	0.00162641	6.36368e+013
865.815	4.81287e+013	0.282652	4.81287e+013	2.36519	0.00167089	6.89288e+013
845.679	5.08441e+013	0.283459	5.08441e+013	2.36901	0.00171577	7.45515e+013
826.46	5.36674e+013	0.284292	5.36674e+013	2.37295	0.00176108	8.05212e+013
808.093	5.66036e+013	0.285148	5.66036e+013	2.37702	0.00180684	8.68568e+013
790.526	5.96559e+013	0.286031	5.96559e+013	2.38121	0.00185305	9.35748e+013
773.706	6.28299e+013	0.286938	6.28299e+013	2.38554	0.00189974	1.00696e+014
757.588	6.61308e+013	0.287872	6.61308e+013	2.38999	0.00194695	1.08241e+014
742.127	6.95636e+013	0.288833	6.95636e+013	2.39458	0.0019947	1.16232e+014
727.284	7.31336e+013	0.289821	7.31336e+013	2.39931	0.00204299	1.24691e+014
713.024	7.68478e+013	0.290836	7.68478e+013	2.40418	0.00209187	1.33644e+014
699.312	8.07122e+013	0.291881	8.07122e+013	2.4092	0.00214137	1.43117e+014
686.117	8.47343e+013	0.292954	8.47343e+013	2.41437	0.00219151	1.53138e+014
673.411	8.89212e+013	0.294057	8.89212e+013	2.4197	0.00224233	1.63737e+014
661.168	9.32806e+013	0.29519	9.32806e+013	2.42518	0.00229385	1.74945e+014
649.361	9.78223e+013	0.296355	9.78223e+013	2.43083	0.00234614	1.86798e+014
637.969	1.02555e+014	0.297552	1.02555e+014	2.43665	0.00239922	1.99333e+014
626.969	1.07488e+014	0.298781	1.07488e+014	2.44264	0.00245312	2.12587e+014
616.343	1.12635e+014	0.300044	1.12635e+014	2.44881	0.00250794	2.26606e+014
606.07	1.18004e+014	0.301342	1.18004e+014	2.45516	0.00256367	2.41432e+014
596.135	1.2361e+014	0.302676	1.2361e+014	2.46171	0.0026204	2.57118e+014
586.52	1.29468e+014	0.304046	1.29468e+014	2.46846	0.00267821	2.73717e+014
577.21	1.35592e+014	0.305454	1.35592e+014	2.47541	0.00273716	2.91287e+014
568.191	1.41998e+014	0.3069	1.41998e+014	2.48257	0.00279731	3.09891e+014
559.449	1.48705e+014	0.308387	1.48705e+014	2.48996	0.00285876	3.296e+014
550.973	1.55735e+014	0.309915	1.55735e+014	2.49757	0.00292162	3.50491e+014
542.749	1.6311e+014	0.311486	1.6311e+014	2.50543	0.00298601	3.72651e+014
534.768	1.70853e+014	0.313102	1.70853e+014	2.51353	0.00305203	3.96168e+014
527.018	1.78996e+014	0.314764	1.78996e+014	2.52189	0.00311987	4.21152e+014
519.489	1.87569e+014	0.316473	1.87569e+014	2.53053	0.00318967	4.47719e+014
512.172	1.96609e+014	0.318233	1.96609e+014	2.53945	0.00326167	4.76004e+014
505.059	2.0616e+014	0.320044	2.0616e+014	2.54867	0.00333611	5.06156e+014
498.14	2.1627e+014	0.321909	2.1627e+014	2.5582	0.00341329	5.38352e+014
491.408	2.26998e+014	0.32383	2.26998e+014	2.56805	0.00349359	5.72798e+014
484.856	2.38417e+014	0.325811	2.38417e+014	2.57826	0.00357752	6.09742e+014
478.476	2.50615e+014	0.327855	2.50615e+014	2.58883	0.00366572	6.49484e+014
472.263	2.63705e+014	0.329964	2.63705e+014	2.5998	0.00375906	6.92399e+014
466.208	2.77835e+014	0.332143	2.77835e+014	2.61117	0.00385874	7.38974e+014
460.307	2.93206e+014	0.334394	2.93206e+014	2.62298	0.00396648	7.89855e+014
454.553	3.1008e+014	0.336722	3.1008e+014	2.63526	0.00408459	8.45885e+014
448.941	3.28785e+014	0.339128	3.28785e+014	2.64801	0.00421587	9.08122e+014
443.466	3.49669e+014	0.341612	3.49669e+014	2.66124	0.00436307	9.7773e+014
438.123	3.73029e+014	0.344173	3.73029e+014	2.67495	0.00452789	1.05577e+015
432.907	3.99047e+014	0.346809	3.99047e+014	2.68914	0.00471042	1.14301e+015
427.814	4.27824e+014	0.34952	4.27824e+014	2.70382	0.00490955	1.24003e+015
422.84	4.59496e+014	0.35231	4.59496e+014	2.71901	0.00512444	1.3475e+015
417.979	4.94345e+014	0.355185	4.94345e+014	2.73476	0.00535566	1.46655e+015
413.23	5.3284e+014	0.358151	5.3284e+014	2.75111	0.00560544	1.59892e+015
408.587	5.75615e+014	0.361212	5.75615e+014	2.76808	0.00587725	1.74691e+015
404.047	6.2341e+014	0.36437	6.2341e+014	2.7857	0.00617504	1.91322e+015
399.607	6.76988e+014	0.367624	6.76988e+014	2.80396	0.00650228	2.10073e+015
395.263	7.37115e+014	0.37097	7.37115e+014	2.82285	0.00686185	2.31244e+015
391.013	8.04511e+014	0.374404	8.04511e+014	2.84236	0.00725559	2.5513e+015
386.853	8.79785e+014	0.377922	8.79785e+014	2.86246	0.00768383	2.82002e+015
382.781	9.6349e+014	0.381519	9.6349e+014	2.88312	0.008146	3.12118e+015
378.794	1.05625e+015	0.385192	1.05625e+015	2.90434	0.00864172	3.45767e+015
374.889	1.15864e+015	0.388936	1.15864e+015	2.92609	0.00917021	3.83239e+015
371.063	1.27102e+015	0.392748	1.27102e+015	2.94833	0.00972844	4.24743e+015
367.315	1.39356e+015	0.396624	1.39356e+015	2.97107	0.0103121	4.70446e+015
363.642	1.52632e+015	0.400569	1.52632e+015	2.99432	0.010916	5.20467e+015
360.042	1.66925e+015	0.404592	1.66925e+015	3.01816	0.0115335	5.74897e+015
356.512	1.82293e+015	0.408715	1.82293e+015	3.04273	0.012162	6.34042e+015
353.051	1.98857e+015	0.412965	1.98857e+015	3.0682	0.0128017	6.98435e+015
349.656	2.1685e+015	0.417377	2.1685e+015	3.09479	0.013458	7.69024e+015
346.326	2.36742e+015	0.421986	2.36742e+015	3.12269	0.0141483	8.47643e+015
343.059	2.592e+015	0.426804	2.592e+015	3.15189	0.0148995	9.36891e+015
339.852	2.8496e+015	0.431811	2.8496e+015	3.18214	0.0157401	1.03972e+016
336.706	3.14769e+015	0.436951	3.14769e+015	3.21289	0.016698	1.15921e+016
333.617	3.49269e+015	0.442118	3.49269e+015	3.24316	0.0177984	1.29818e+016
330.584	3.88448e+015	0.447123	3.88448e+015	3.27143	0.0190444	1.45705e+016
327.606	4.30766e+015	0.451745	4.30766e+015	3.29619	0.0203778	1.63047e+016
324.681	4.734e+015	0.455913	4.734e+015	3.31742	0.0216767	1.80798e+016
321.807	5.14198e+015	0.459798	5.14198e+015	3.33691	0.022831	1.98133e+016
318.984	5.52624e+015	0.46368	5.52624e+015	3.35706	0.0237883	2.14824e+016
316.211	5.89561e+015	0.467898	5.89561e+015	3.38045	0.0245427	2.31193e+016
313.485	6.28284e+015	0.472823	6.28284e+015	3.40924	0.025175	2.4852e+016
310.805	6.73782e+015	0.478573	6.73782e+015	3.44302	0.0258582	2.68814e+016
308.171	7.29442e+015	0.484915	7.29442e+015	3.47885	0.0267335	2.93508e+016
305.582	7.95977e+015	0.491486	7.95977e+015	3.51319	0.027851	3.22995e+016
303.035	8.71739e+015	0.497953	8.71739e+015	3.54324	0.0291799	3.5671e+016
300.531	9.54003e+015	0.504139	9.54003e+015	3.56786	0.0306442	3.93625e+016
298.067	1.04016e+016	0.509991	1.04016e+016	3.58712	0.0321668	4.32722e+016
295.644	1.12785e+016	0.515614	1.12785e+016	3.60277	0.0336515	4.73046e+016
293.26	1.21839e+016	0.521424	1.21839e+016	3.61812	0.0350483	5.15174e+016
290.914	1.31834e+016	0.527823	1.31834e+016	3.63364	0.0364706	5.61932e+016
288.605	1.43295e+016	0.534599	1.43295e+016	3.64324	0.0381428	6.15672e+016
286.332	1.55693e+016	0.540898	1.55693e+016	3.63895	0.0401547	6.7425e+016
284.095	1.67837e+016	0.546171	1.67837e+016	3.62071	0.0423334	7.32563e+016
281.893	1.79244e+016	0.550649	1.79244e+016	3.59423	0.0444981	7.88465e+016
279.725	1.90046e+016	0.554704	1.90046e+016	3.56322	0.0466015	8.42461e+016
277.589	2.00496e+016	0.558532	2.00496e+016	3.5281	0.0486914	8.95621e+016
275.486	2.10468e+016	0.56196	2.10468e+016	3.48746	0.0508285	9.47343e+016
273.415	2.19596e+016	0.56481	2.19596e+016	3.44267	0.0529691	9.95916e+016
271.375	2.27806e+016	0.567179	2.27806e+016	3.39676	0.0550397	1.04092e+017
269.365	2.35263e+016	0.569291	2.35263e+016	3.35234	0.0569819	1.08302e+017
267.384	2.424e+016	0.571492	2.424e+016	3.31033	0.0587941	1.12414e+017
265.432	2.49464e+016	0.573844	2.49464e+016	3.26848	0.0605715	1.1654e+017
263.509	2.56261e+016	0.576113	2.56261e+016	3.22528	0.0623699	1.2059e+017
261.613	2.6259e+016	0.578162	2.6259e+016	3.18167	0.0641594	1.24463e+017
259.744	2.68523e+016	0.58011	2.68523e+016	3.13956	0.0658743	1.28191e+017
257.902	2.74404e+016	0.582242	2.74404e+016	3.09889	0.0675168	1.31934e+017
256.086	2.8028e+016	0.584522	2.8028e+016	3.05762	0.0691694	1.35715e+017
254.295	2.86077e+016	0.586897	2.86077e+016	3.01582	0.07083	1.39497e+017
252.529	2.92131e+016	0.589657	2.92131e+016	2.97183	0.0725548	1.43446e+017
250.788	2.98062e+016	0.592364	2.98062e+016	2.91904	0.0746516	1.47374e+017
249.07	3.02247e+016	0.59354	3.02247e+016	2.85747	0.0772695	1.50474e+017
247.376	3.03783e+016	0.592364	3.03783e+016	2.7971	0.0801212	1.52275e+017
245.704	3.03015e+016	0.589063	3.03015e+016	2.74811	0.0827575	1.52923e+017
244.055	3.01196e+016	0.584799	3.01196e+016	2.71739	0.0846854	1.53032e+017
242.428	3.00059e+016	0.581363	3.00059e+016	2.70414	0.0856869	1.53478e+017
240.823	3.00563e+016	0.57975	3.00563e+016	2.70046	0.0860281	1.5476e+017
239.238	3.02515e+016	0.579704	3.02515e+016	2.69973	0.0860704	1.56797e+017
237.675	3.05546e+016	0.580795	3.05546e+016	2.70022	0.085943	1.5941e+017
236.131	3.09586e+016	0.582923	3.09586e+016	2.70149	0.0856751	1.62573e+017
234.608	3.14685e+016	0.586099	3.14685e+016	2.70243	0.0853153	1.66324e+017
233.104	3.20716e+016	0.590158	3.20716e+016	2.70139	0.0849526	1.70605e+017
231.619	3.27456e+016	0.594862	3.27456e+016	2.6995	0.0845402	1.75307e+017
230.153	3.3552e+016	0.600798	3.3552e+016	2.69822	0.0839276	1.80769e+017
228.706	3.4573e+016	0.608743	3.4573e+016	2.69232	0.0832417	1.87449e+017
227.276	3.5796e+016	0.61867	3.5796e+016	2.67198	0.0828684	1.953e+017
225.865	3.70625e+016	0.629428	3.70625e+016	2.62919	0.0832409	2.03473e+017
224.47	3.81351e+016	0.639229	3.81351e+016	2.56504	0.0845781	2.10662e+017
223.093	3.88312e+016	0.646423	3.88312e+016	2.49024	0.086808	2.15832e+017
221.733	3.91293e+016	0.65017	3.91293e+016	2.42092	0.0895045	2.18823e+017
220.389	3.92237e+016	0.651453	3.92237e+016	2.36914	0.0919338	2.20689e+017
219.062	3.93887e+016	0.652807	3.93887e+016	2.33297	0.093597	2.2296e+017
217.75	3.97394e+016	0.656062	3.97394e+016	2.29933	0.094729	2.263e+017
216.454	4.01641e+016	0.660789	4.01641e+016	2.25795	0.0959741	2.30088e+017
215.173	4.04949e+016	0.66546	4.04949e+016	2.20839	0.0977457	2.33364e+017
213.907	4.06187e+016	0.668558	4.06187e+016	2.15661	0.100144	2.35463e+017
212.656	4.0536e+016	0.669266	4.0536e+016	2.1113	0.102904	2.36365e+017
211.42	4.0351e+016	0.668008	4.0351e+016	2.07739	0.105577	2.36663e+017
210.198	4.01688e+016	0.665792	4.01688e+016	2.05426	0.107857	2.36964e+017
208.99	4.00365e+016	0.663297	4.00365e+016	2.03947	0.109662	2.37549e+017
207.796	3.99819e+016	0.660899	3.99819e+016	2.03215	0.110905	2.38588e+017
206.615	4.00619e+016	0.659407	4.00619e+016	2.03063	0.111452	2.40432e+017
205.448	4.03015e+016	0.659549	4.03015e+016	2.03054	0.111418	2.43244e+017
204.293	4.06613e+016	0.661189	4.06613e+016	2.02873	0.111081	2.46802e+017
203.152	4.11023e+016	0.66384	4.11023e+016	2.02551	0.110553	2.5088e+017
202.023	4.16421e+016	0.667561	4.16421e+016	2.02182	0.109738	2.55595e+017
200.907	4.23203e+016	0.67294	4.23203e+016	2.01574	0.108595	2.61201e+017
199.803	4.31372e+016	0.680343	4.31372e+016	2.00348	0.107267	2.67714e+017
198.712	4.40511e+016	0.689819	4.40511e+016	1.9809	0.105998	2.74887e+017
197.632	4.49375e+016	0.700628	4.49375e+016	1.94507	0.105198	2.81952e+017
196.563	4.56469e+016	0.711027	4.56469e+016	1.90056	0.105113	2.87959e+017
195.507	4.61831e+016	0.720233	4.61831e+016	1.85518	0.105484	2.92917e+017
194.461	4.66047e+016	0.728632	4.66047e+016	1.81059	0.106102	2.97179e+017
193.427	4.68989e+016	0.735786	4.68989e+016	1.76882	0.106998	3.00655e+017
192.403	4.71439e+016	0.741463	4.71439e+016	1.73514	0.107811	3.03833e+017
191.391	4.75225e+016	0.747556	4.75225e+016	1.70743	0.107937	3.07893e+017
190.389	4.80824e+016	0.756266	4.80824e+016	1.67528	0.107402	3.1316e+017
189.397	4.86757e+016	0.767594	4.86757e+016	1.63208	0.10682	3.18685e+017
188.416	4.91398e+016	0.780097	4.91398e+016	1.57961	0.106698	3.23398e+017
187.444	4.93907e+016	0.792287	4.93907e+016	1.52344	0.107258	3.26734e+017
186.483	4.9433e+016	0.802922	4.9433e+016	1.47025	0.108474	3.287e+017
185.532	4.93709e+016	0.811844	4.93709e+016	1.42396	0.109985	3.2997e+017
184.59	4.93072e+016	0.82024	4.93072e+016	1.38235	0.11141	3.31226e+017
183.658	4.92377e+016	0.829161	4.92377e+016	1.34102	0.11278	3.32438e+017
182.735	4.90779e+016	0.838116	4.90779e+016	1.29958	0.114495	3.33032e+017
181.821	4.88007e+016	0.845617	4.88007e+016	1.2624	0.116766	3.32816e+017
180.916	4.84776e+016	0.851077	4.84776e+016	1.23246	0.119344	3.32265e+017
180.021	4.81903e+016	0.855115	4.81903e+016	1.20887	0.121843	3.31939e+017
179.134	4.79779e+016	0.85871	4.79779e+016	1.18905	0.12402	3.32112e+017
178.256	4.78434e+016	0.862673	4.78434e+016	1.17051	0.125799	3.32813e+017
177.386	4.77643e+016	0.867401	4.77643e+016	1.15167	0.127257	3.33891e+017
176.525	4.7723e+016	0.872925	4.7723e+016	1.13212	0.128467	3.35229e+017
175.673	4.77102e+016	0.879456	4.77102e+016	1.11125	0.129451	3.36766e+017
174.828	4.77051e+016	0.887109	4.77051e+016	1.08854	0.130301	3.38357e+017
173.991	4.76901e+016	0.895871	4.76901e+016	1.06394	0.131099	3.39877e+017
173.163	4.76443e+016	0.905885	4.76443e+016	1.03707	0.131943	3.41176e+017
172.342	4.75242e+016	0.916904	4.75242e+016	1.00826	0.133099	3.41936e+017
171.529	4.72981e+016	0.927981	4.72981e+016	0.979526	0.134856	3.41922e+017
170.724	4.69668e+016	0.938153	4.69668e+016	0.953011	0.137361	3.41129e+017
169.926	4.65416e+016	0.946518	4.65416e+016	0.930444	0.140716	3.39627e+017
169.136	4.60455e+016	0.951844	4.60455e+016	0.913844	0.14498	3.37577e+017
168.353	4.55354e+016	0.953063	4.55354e+016	0.904851	0.14993	3.3539e+017
167.577	4.50851e+016	0.949972	4.50851e+016	0.90368	0.15504	3.33611e+017
166.808	4.47839e+016	0.943685	4.47839e+016	0.908912	0.159438	3.32909e+017
166.047	4.46921e+016	0.937566	4.46921e+016	0.91576	0.162245	3.33751e+017
165.292	4.47618e+016	0.934398	4.47618e+016	0.919455	0.163546	3.35798e+017
164.544	4.49188e+016	0.934189	4.49188e+016	0.919281	0.163924	3.38507e+017
163.803	4.51395e+016	0.93638	4.51395e+016	0.915912	0.16361	3.41709e+017
163.068	4.54283e+016	0.941424	4.54283e+016	0.908658	0.162532	3.45445e+017
162.34	4.57488e+016	0.950282	4.57488e+016	0.895624	0.160865	3.49442e+017
161.619	4.60283e+016	0.962496	4.60283e+016	0.877036	0.159156	3.53147e+017
160.904	4.62282e+016	0.97678	4.62282e+016	0.854979	0.157765	3.56257e+017
160.195	4.63485e+016	0.992343	4.63485e+016	0.831094	0.156744	3.58765e+017
159.492	4.63941e+016	1.00906	4.63941e+016	0.805982	0.156066	3.60699e+017
158.796	4.63561e+016	1.027	4.63561e+016	0.779869	0.155799	3.61984e+017
158.105	4.62088e+016	1.04583	4.62088e+016	0.753532	0.156217	3.6241e+017
157.421	4.59372e+016	1.06416	4.59372e+016	0.729084	0.157698	3.61846e+017
156.742	4.55674e+016	1.08023	4.55674e+016	0.708811	0.160381	3.60487e+017
156.07	4.51434e+016	1.09308	4.51434e+016	0.693508	0.16413	3.58672e+017
155.403	4.46842e+016	1.10144	4.46842e+016	0.684029	0.169028	3.56547e+017
154.741	4.42624e+016	1.10256	4.42624e+016	0.68257	0.174773	3.54691e+017
154.086	4.40192e+016	1.09746	4.40192e+016	0.687489	0.179726	3.54243e+017
153.435	4.40223e+016	1.09229	4.40223e+016	0.692552	0.18224	3.55769e+017
152.791	4.42128e+016	1.09329	4.42128e+016	0.691545	0.182064	3.58817e+017
152.152	4.4447e+016	1.10313	4.4447e+016	0.681594	0.18029	3.62233e+017
151.518	4.45714e+016	1.12008	4.45714e+016	0.664646	0.178625	3.64766e+017
150.889	4.4518e+016	1.13899	4.4518e+016	0.646428	0.178432	3.65848e+017
150.265	4.43523e+016	1.15489	4.43523e+016	0.631972	0.179824	3.65998e+017
149.647	4.41833e+016	1.16685	4.41833e+016	0.621762	0.181865	3.6611e+017
149.034	4.40637e+016	1.17664	4.40637e+016	0.613773	0.183736	3.66622e+017
148.425	4.39989e+016	1.18629	4.39989e+016	0.606086	0.185059	3.67583e+017
147.822	4.39639e+016	1.19699	4.39639e+016	0.597704	0.185912	3.6879e+017
147.224	4.39468e+016	1.20805	4.39468e+016	0.589245	0.186519	3.70145e+017
146.63	4.39821e+016	1.21947	4.39821e+016	0.580583	0.186468	3.71942e+017
146.041	4.40847e+016	1.23426	4.40847e+016	0.569265	0.185115	3.74312e+017
145.457	4.41911e+016	1.25626	4.41911e+016	0.55268	0.182565	3.76723e+017
144.877	4.41819e+016	1.28602	4.41819e+016	0.531539	0.180103	3.78152e+017
144.302	4.40091e+016	1.31871	4.40091e+016	0.510491	0.179124	3.78173e+017
143.732	4.37393e+016	1.34979	4.37393e+016	0.492706	0.179698	3.77346e+017
143.166	4.34378e+016	1.37868	4.34378e+016	0.477956	0.181206	3.76226e+017
142.605	4.31259e+016	1.40593	4.31259e+016	0.465483	0.183327	3.74995e+017
142.048	4.28171e+016	1.43175	4.28171e+016	0.45482	0.185859	3.73771e+017
141.495	4.2516e+016	1.45716	4.2516e+016	0.44519	0.188577	3.72591e+017
140.947	4.2203e+016	1.48314	4.2203e+016	0.436172	0.191615	3.71288e+017
140.402	4.18582e+016	1.50839	4.18582e+016	0.428623	0.195541	3.69682e+017
139.862	4.14963e+016	1.52912	4.14963e+016	0.42407	0.200774	3.679e+017
139.326	4.11728e+016	1.5412	4.11728e+016	0.423438	0.207014	3.66436e+017
138.795	4.09729e+016	1.54445	4.09729e+016	0.42551	0.212679	3.66055e+017
138.267	4.09254e+016	1.54799	4.09254e+016	0.425913	0.215701	3.67025e+017
137.743	4.09327e+016	1.5615	4.09327e+016	0.42154	0.216244	3.68487e+017
137.223	4.08995e+016	1.58399	4.08995e+016	0.413979	0.216157	3.69583e+017
136.708	4.08268e+016	1.61104	4.08268e+016	0.405317	0.216137	3.70318e+017
136.196	4.0725e+016	1.64318	4.0725e+016	0.39545	0.215953	3.70783e+017
135.687	4.05622e+016	1.68208	4.05622e+016	0.384365	0.216011	3.70684e+017
135.183	4.03069e+016	1.72541	4.03069e+016	0.373638	0.217412	3.69725e+017
134.682	3.99726e+016	1.76667	3.99726e+016	0.365528	0.221058	3.68022e+017
134.185	3.96121e+016	1.79906	3.96121e+016	0.361321	0.226972	3.66053e+017
133.692	3.9283e+016	1.81831	3.9283e+016	0.361052	0.234476	3.64352e+017
133.202	3.90409e+016	1.82305	3.90409e+016	0.36396	0.242343	3.63437e+017
132.716	3.89312e+016	1.81802	3.89312e+016	0.368013	0.248686	3.63744e+017
132.234	3.89503e+016	1.81352	3.89503e+016	0.370492	0.252066	3.6525e+017
131.754	3.9056e+016	1.81787	3.9056e+016	0.369639	0.252275	3.67573e+017
131.279	3.91928e+016	1.83654	3.91928e+016	0.364558	0.24982	3.70197e+017
130.807	3.92939e+016	1.87055	3.92939e+016	0.355801	0.24606	3.72492e+017
130.338	3.93374e+016	1.91482	3.93374e+016	0.345263	0.242214	3.74246e+017
129.872	3.93437e+016	1.96692	3.93437e+016	0.333655	0.238202	3.75647e+017
129.41	3.93108e+016	2.02945	3.93108e+016	0.32066	0.233785	3.76675e+017
128.951	3.92191e+016	2.10444	3.92191e+016	0.306485	0.229283	3.77133e+017
128.495	3.90531e+016	2.19274	3.90531e+016	0.291729	0.225176	3.76869e+017
128.043	3.88e+016	2.29351	3.88e+016	0.277396	0.222229	3.75749e+017
127.594	3.84733e+016	2.40035	3.84733e+016	0.265009	0.221292	3.73897e+017
127.148	3.8121e+016	2.50587	3.8121e+016	0.255136	0.222193	3.71773e+017
126.705	3.77757e+016	2.61028	3.77757e+016	0.246928	0.223991	3.69693e+017
126.265	3.74357e+016	2.71784	3.74357e+016	0.239569	0.226205	3.67643e+017
125.828	3.70909e+016	2.83074	3.70909e+016	0.232877	0.228936	3.65521e+017
125.394	3.67361e+016	2.94748	3.67361e+016	0.227077	0.232538	3.63278e+017
124.963	3.63788e+016	3.06326	3.63788e+016	0.222444	0.237239	3.60985e+017
124.535	3.60298e+016	3.17402	3.60298e+016	0.218958	0.242948	3.5875e+017
124.11	3.56977e+016	3.27567	3.56977e+016	0.216554	0.249541	3.56661e+017
123.688	3.53958e+016	3.36428	3.53958e+016	0.215071	0.256669	3.54852e+017
123.269	3.5138e+016	3.44135	3.5138e+016	0.213987	0.263513	3.53465e+017
122.852	3.49257e+016	3.5186	3.49257e+016	0.212383	0.268984	3.5252e+017
122.438	3.47375e+016	3.61234	3.47375e+016	0.209517	0.272609	3.51806e+017
122.028	3.45478e+016	3.7311	3.45478e+016	0.205357	0.274781	3.51062e+017
121.619	3.43376e+016	3.88114	3.43376e+016	0.200011	0.275926	3.50097e+017
121.214	3.40788e+016	4.06388	3.40788e+016	0.193966	0.277163	3.4862e+017
120.811	3.37642e+016	4.25433	3.37642e+016	0.18858	0.28037	3.46554e+017
120.411	3.34225e+016	4.41935	3.34225e+016	0.184714	0.286204	3.44186e+017
120.014	3.30802e+016	4.54119	3.30802e+016	0.182324	0.294248	3.41789e+017
119.619	3.27524e+016	4.61015	3.27524e+016	0.18125	0.304117	3.39519e+017
119.227	3.24577e+016	4.62443	3.24577e+016	0.181301	0.315183	3.37571e+017
118.837	3.22143e+016	4.60412	3.22143e+016	0.181863	0.326016	3.36138e+017
118.45	3.20271e+016	4.58376	3.20271e+016	0.182018	0.334897	3.35277e+017
118.066	3.18842e+016	4.5952	3.18842e+016	0.180894	0.340566	3.34868e+017
117.684	3.17638e+016	4.65895	3.17638e+016	0.177906	0.342488	3.34687e+017
117.304	3.16333e+016	4.78811	3.16333e+016	0.172665	0.340743	3.3439e+017
116.927	3.14457e+016	4.96471	3.14457e+016	0.165595	0.337177	3.33479e+017
116.552	3.11775e+016	5.11975	3.11775e+016	0.1583	0.33512	3.31699e+017
116.18	3.08538e+016	5.18511	3.08538e+016	0.152235	0.336617	3.29306e+017
115.81	3.0519e+016	5.15282	3.0519e+016	0.147702	0.341247	3.26773e+017
115.442	3.02069e+016	5.06999	3.02069e+016	0.143974	0.346737	3.24462e+017
115.077	2.99204e+016	4.98864	2.99204e+016	0.139832	0.350379	3.22405e+017
114.714	2.96305e+016	4.91656	2.96305e+016	0.134564	0.351279	3.20292e+017
114.353	2.93061e+016	4.82486	2.93061e+016	0.128356	0.350589	3.17784e+017
113.994	2.89298e+016	4.68276	2.89298e+016	0.12182	0.350159	3.14691e+017
113.638	2.84983e+016	4.47646	2.84983e+016	0.115684	0.352008	3.10968e+017
113.284	2.80221e+016	4.21819	2.80221e+016	0.110543	0.357767	3.06728e+017
112.932	2.7518e+016	3.93646	2.7518e+016	0.106604	0.368113	3.02149e+017
112.583	2.69984e+016	3.65585	2.69984e+016	0.103786	0.383134	2.97364e+017
112.235	2.64693e+016	3.39013	2.64693e+016	0.101898	0.402778	2.92438e+017
111.89	2.59296e+016	3.14369	2.59296e+016	0.100757	0.427238	2.87361e+017
111.547	2.53721e+016	2.91424	2.53721e+016	0.100366	0.457801	2.82047e+017
111.206	2.47909e+016	2.69778	2.47909e+016	0.101064	0.497535	2.76432e+017
110.867	2.41925e+016	2.49342	2.41925e+016	0.103388	0.550549	2.70583e+017
110.53	2.35988e+016	2.30441	2.35988e+016	0.107716	0.619859	2.64749e+017
110.195	2.30405e+016	2.13599	2.30405e+016	0.113887	0.704607	2.59271e+017
109.862	2.25369e+016	1.99107	2.25369e+016	0.121151	0.799765	2.54372e+017
109.531	2.20844e+016	1.86739	2.20844e+016	0.128765	0.90065	2.50018e+017
109.202	2.16747e+016	1.76058	2.16747e+016	0.136479	1.0054	2.46119e+017
108.875	2.13099e+016	1.66878	2.13099e+016	0.144087	1.11088	2.42703e+017
108.55	2.09885e+016	1.59136	2.09885e+016	0.151064	1.2123	2.39758e+017
108.227	2.06963e+016	1.52624	2.06963e+016	0.156967	1.30753	2.37126e+017
107.906	2.04154e+016	1.47067	2.04154e+016	0.1616	1.39749	2.34604e+017
107.586	2.01283e+016	1.42203	2.01283e+016	0.164921	1.48493	2.31992e+017
107.269	1.98179e+016	1.37798	1.98179e+016	0.166963	1.57383	2.2909e+017
106.954	1.94643e+016	1.33642	1.94643e+016	0.167738	1.66953	2.25666e+017
106.64	1.90286e+016	1.29357	1.90286e+016	0.167392	1.78443	2.21262e+017
106.328	1.84583e+016	1.24109	1.84583e+016	0.167513	1.94935	2.15261e+017
106.018	1.77754e+016	1.17414	1.77754e+016	0.171164	2.19509	2.07903e+017
105.71	1.7099e+016	1.1005	1.7099e+016	0.179556	2.50539	2.00575e+017
105.404	1.65257e+016	1.03304	1.65257e+016	0.190325	2.82003	1.94414e+017
105.099	1.60199e+016	0.975946	1.60199e+016	0.200404	3.11697	1.89009e+017
104.796	1.54862e+016	0.922994	1.54862e+016	0.209739	3.43358	1.83241e+017
104.495	1.48906e+016	0.867779	1.48906e+016	0.220349	3.79508	1.76701e+017
104.195	1.42719e+016	0.809055	1.42719e+016	0.233879	4.17146	1.69846e+017
103.898	1.36913e+016	0.749591	1.36913e+016	0.250429	4.49238	1.63403e+017
103.602	1.31811e+016	0.692223	1.31811e+016	0.269157	4.70073	1.57763e+017
103.307	1.27466e+016	0.63799	1.27466e+016	0.289398	4.77475	1.52998e+017
103.015	1.239e+016	0.58695	1.239e+016	0.310906	4.7153	1.4914e+017
102.724	1.21247e+016	0.539291	1.21247e+016	0.333543	4.53662	1.4636e+017
102.434	1.19726e+016	0.496124	1.19726e+016	0.356716	4.27201	1.44932e+017
102.147	1.19335e+016	0.458771	1.19335e+016	0.379259	3.97507	1.44866e+017
101.861	1.19719e+016	0.426832	1.19719e+016	0.400532	3.68802	1.4574e+017
101.576	1.20611e+016	0.398623	1.20611e+016	0.420992	3.42016	1.47237e+017
101.293	1.22079e+016	0.37325	1.22079e+016	0.441191	3.16828	1.49445e+017
101.012	1.24319e+016	0.350872	1.24319e+016	0.461173	2.93318	1.52612e+017
100.732	1.27511e+016	0.332019	1.27511e+016	0.480654	2.71831	1.56965e+017
100.454	1.31859e+016	0.317445	1.31859e+016	0.499173	2.52624	1.62767e+017
100.177	1.37604e+016	0.308688	1.37604e+016	0.515614	2.36182	1.70328e+017
99.9017	1.4468e+016	0.307582	1.4468e+016	0.528064	2.23279	1.7958e+017
99.628	1.52477e+016	0.314919	1.52477e+016	0.534664	2.14454	1.89777e+017
99.3558	1.59892e+016	0.329219	1.59892e+016	0.534862	2.09682	1.99552e+017
99.0851	1.65922e+016	0.346723	1.65922e+016	0.530268	2.08149	2.07643e+017
98.8158	1.70276e+016	0.363937	1.70276e+016	0.523324	2.08723	2.13673e+017
98.548	1.73071e+016	0.378977	1.73071e+016	0.515642	2.1069	2.17771e+017
98.2817	1.74444e+016	0.390256	1.74444e+016	0.508532	2.1351	2.20092e+017
98.0167	1.74789e+016	0.396898	1.74789e+016	0.503211	2.16374	2.21123e+017
97.7533	1.74658e+016	0.399805	1.74658e+016	0.499895	2.18698	2.21554e+017
97.4912	1.74371e+016	0.400317	1.74371e+016	0.498114	2.20399	2.21784e+017
97.2305	1.74072e+016	0.39929	1.74072e+016	0.497483	2.21511	2.21998e+017
96.9712	1.73861e+016	0.397457	1.73861e+016	0.497631	2.22113	2.22321e+017
96.7133	1.73755e+016	0.395331	1.73755e+016	0.498207	2.22369	2.22779e+017
96.4568	1.73744e+016	0.393151	1.73744e+016	0.499006	2.22402	2.23356e+017
96.2016	1.73835e+016	0.391193	1.73835e+016	0.499834	2.22309	2.24066e+017
95.9478	1.7399e+016	0.389852	1.7399e+016	0.500311	2.22341	2.24859e+017
95.6953	1.73995e+016	0.388921	1.73995e+016	0.500213	2.22833	2.25459e+017
95.4441	1.73629e+016	0.387617	1.73629e+016	0.499748	2.23884	2.25577e+017
95.1943	1.72629e+016	0.384733	1.72629e+016	0.499395	2.25477	2.24866e+017
94.9457	1.70837e+016	0.378033	1.70837e+016	0.500664	2.26848	2.23114e+017
94.6985	1.68824e+016	0.366805	1.68824e+016	0.505261	2.26323	2.21061e+017
94.4525	1.67536e+016	0.353588	1.67536e+016	0.512987	2.23097	2.19946e+017
94.2078	1.6749e+016	0.341413	1.6749e+016	0.522327	2.17834	2.20457e+017
93.9644	1.68849e+016	0.332365	1.68849e+016	0.531725	2.1164	2.22822e+017
93.7222	1.71522e+016	0.328122	1.71522e+016	0.53942	2.05783	2.26934e+017
93.4813	1.74861e+016	0.328991	1.74861e+016	0.543862	2.01496	2.31948e+017
93.2416	1.77856e+016	0.332299	1.77856e+016	0.545551	1.98974	2.36526e+017
93.0031	1.80331e+016	0.334941	1.80331e+016	0.546908	1.96975	2.40433e+017
92.7658	1.83123e+016	0.337904	1.83123e+016	0.548584	1.94627	2.4478e+017
92.5298	1.86487e+016	0.344083	1.86487e+016	0.548534	1.9275	2.49913e+017
92.295	1.8956e+016	0.352612	1.8956e+016	0.545991	1.92195	2.54677e+017
92.0613	1.91955e+016	0.360499	1.91955e+016	0.542852	1.92307	2.5855e+017
91.8288	1.94265e+016	0.368072	1.94265e+016	0.539913	1.92329	2.62323e+017
91.5975	1.96643e+016	0.377035	1.96643e+016	0.536056	1.92647	2.66205e+017
91.3674	1.9869e+016	0.386436	1.9869e+016	0.531367	1.93512	2.69654e+017
91.1384	2.00612e+016	0.395555	2.00612e+016	0.526804	1.94355	2.72947e+017
90.9105	2.02929e+016	0.406546	2.02929e+016	0.521657	1.95053	2.76791e+017
90.6838	2.05537e+016	0.421734	2.05537e+016	0.514108	1.96395	2.81049e+017
90.4582	2.07664e+016	0.440939	2.07664e+016	0.503157	1.99394	2.84666e+017
90.2338	2.08447e+016	0.461548	2.08447e+016	0.489365	2.04693	2.8645e+017
90.0104	2.07288e+016	0.480047	2.07288e+016	0.474125	2.12668	2.85564e+017
89.7882	2.03706e+016	0.492004	2.03706e+016	0.459356	2.23662	2.81324e+017
89.567	1.97584e+016	0.491675	1.97584e+016	0.448362	2.37039	2.73542e+017
89.347	1.90053e+016	0.476917	1.90053e+016	0.444572	2.49628	2.63764e+017
89.128	1.83003e+016	0.452644	1.83003e+016	0.448467	2.57339	2.54604e+017
88.9101	1.77836e+016	0.426082	1.77836e+016	0.457852	2.58369	2.48022e+017
88.6932	1.751e+016	0.402673	1.751e+016	0.4697	2.53995	2.44803e+017
88.4774	1.74695e+016	0.385153	1.74695e+016	0.481473	2.46845	2.44833e+017
88.2627	1.76304e+016	0.374742	1.76304e+016	0.491317	2.39202	2.47689e+017
88.0489	1.79395e+016	0.372215	1.79395e+016	0.497488	2.32925	2.52643e+017
87.8363	1.82939e+016	0.37663	1.82939e+016	0.498983	2.29335	2.58258e+017
87.6246	1.85895e+016	0.384602	1.85895e+016	0.496834	2.28417	2.63065e+017
87.414	1.88032e+016	0.393377	1.88032e+016	0.492853	2.2921	2.66731e+017
87.2044	1.89464e+016	0.402261	1.89464e+016	0.487765	2.31224	2.69408e+017
86.9957	1.9015e+016	0.410485	1.9015e+016	0.48208	2.34273	2.71031e+017
86.7881	1.90191e+016	0.417468	1.90191e+016	0.476367	2.3801	2.71739e+017
86.5815	1.89681e+016	0.423307	1.89681e+016	0.470682	2.4238	2.71656e+017
86.3758	1.88442e+016	0.427347	1.88442e+016	0.465203	2.47538	2.70525e+017
86.1711	1.86346e+016	0.427556	1.86346e+016	0.461153	2.52934	2.68152e+017
85.9674	1.83994e+016	0.423145	1.83994e+016	0.460021	2.56852	2.65395e+017
85.7647	1.82447e+016	0.416942	1.82447e+016	0.461445	2.58133	2.63785e+017
85.5629	1.82268e+016	0.413124	1.82268e+016	0.463266	2.57569	2.64147e+017
85.362	1.83152e+016	0.414297	1.83152e+016	0.463101	2.57183	2.66053e+017
85.1621	1.84096e+016	0.419893	1.84096e+016	0.459881	2.58792	2.68052e+017
84.9631	1.84124e+016	0.426321	1.84124e+016	0.454765	2.62728	2.68721e+017
84.7651	1.83136e+016	0.430144	1.83136e+016	0.450031	2.6768	2.67904e+017
84.5679	1.81838e+016	0.431171	1.81838e+016	0.446824	2.72047	2.66625e+017
84.3717	1.80917e+016	0.431854	1.80917e+016	0.444427	2.75443	2.65892e+017
84.1764	1.80397e+016	0.434639	1.80397e+016	0.441178	2.79027	2.65742e+017
83.982	1.79554e+016	0.438984	1.79554e+016	0.43644	2.84228	2.65113e+017
83.7885	1.77941e+016	0.44214	1.77941e+016	0.431481	2.90776	2.63338e+017
83.5959	1.75874e+016	0.443461	1.75874e+016	0.427189	2.97623	2.60878e+017
83.4042	1.73477e+016	0.443896	1.73477e+016	0.423109	3.04977	2.57914e+017
83.2133	1.70334e+016	0.442177	1.70334e+016	0.419558	3.13166	2.53822e+017
83.0233	1.66513e+016	0.435939	1.66513e+016	0.418285	3.20371	2.48697e+017
82.8342	1.62952e+016	0.425759	1.62952e+016	0.42021	3.23934	2.43933e+017
82.6459	1.60614e+016	0.415384	1.60614e+016	0.424012	3.23581	2.40982e+017
82.4585	1.59562e+016	0.408217	1.59562e+016	0.427298	3.21895	2.39947e+017
82.272	1.59102e+016	0.40472	1.59102e+016	0.428769	3.21322	2.39797e+017
82.0863	1.58517e+016	0.403326	1.58517e+016	0.42861	3.22599	2.39457e+017
81.9014	1.57404e+016	0.402	1.57404e+016	0.427778	3.25208	2.38313e+017
81.7173	1.55739e+016	0.398947	1.55739e+016	0.427549	3.27767	2.36323e+017
81.5341	1.53952e+016	0.393733	1.53952e+016	0.428783	3.28723	2.34136e+017
81.3517	1.52518e+016	0.387236	1.52518e+016	0.431432	3.27525	2.32475e+017
81.1701	1.51781e+016	0.380558	1.51781e+016	0.435096	3.24328	2.31869e+017
80.9893	1.51981e+016	0.37484	1.51981e+016	0.439188	3.19733	2.32692e+017
80.8094	1.53373e+016	0.371335	1.53373e+016	0.443037	3.14444	2.35348e+017
80.6302	1.56158e+016	0.37238	1.56158e+016	0.445097	3.1005	2.40154e+017
80.4518	1.59747e+016	0.379626	1.59747e+016	0.443499	3.08819	2.46218e+017
80.2742	1.63068e+016	0.391823	1.63068e+016	0.438061	3.11572	2.51893e+017
80.0974	1.65386e+016	0.406188	1.65386e+016	0.430081	3.17685	2.56036e+017
79.9213	1.66603e+016	0.419739	1.66603e+016	0.421598	3.25456	2.58489e+017
79.7461	1.67632e+016	0.432135	1.67632e+016	0.413888	3.32649	2.60656e+017
79.5716	1.69462e+016	0.447504	1.69462e+016	0.405338	3.39509	2.6408e+017
79.3978	1.71843e+016	0.470002	1.71843e+016	0.393119	3.49011	2.68377e+017
79.2249	1.73561e+016	0.500566	1.73561e+016	0.375624	3.64606	2.71652e+017
79.0526	1.73007e+016	0.536133	1.73007e+016	0.353256	3.8984	2.71375e+017
78.8812	1.6895e+016	0.57019	1.6895e+016	0.328507	4.28202	2.65587e+017
78.7104	1.60927e+016	0.595384	1.60927e+016	0.304871	4.83486	2.53523e+017
78.5404	1.49439e+016	0.606005	1.49439e+016	0.286129	5.57247	2.35935e+017
78.3711	1.36019e+016	0.601434	1.36019e+016	0.274732	6.43039	2.15211e+017
78.2026	1.22417e+016	0.585797	1.22417e+016	0.270684	7.24394	1.94108e+017
78.0348	1.09846e+016	0.564319	1.09846e+016	0.272331	7.8171	1.7455e+017
77.8677	9.88433e+015	0.541244	9.88433e+015	0.277494	8.04365	1.57403e+017
77.7013	8.93404e+015	0.519203	8.93404e+015	0.284223	7.95751	1.42574e+017
77.5356	8.09244e+015	0.499103	8.09244e+015	0.291369	7.6501	1.2942e+017
77.3707	7.31567e+015	0.480794	7.31567e+015	0.298527	7.18984	1.17246e+017
77.2064	6.56629e+015	0.4637	6.56629e+015	0.305721	6.60812	1.0546e+017
77.0428	5.81434e+015	0.44678	5.81434e+015	0.313427	5.90061	9.35814e+016
76.8799	5.05957e+015	0.428683	5.05957e+015	0.322551	5.06096	8.1606e+016
76.7178	4.34572e+015	0.408934	4.34572e+015	0.333613	4.15879	7.02405e+016
76.5562	3.71705e+015	0.388367	3.71705e+015	0.346185	3.3162	6.0206e+016
76.3954	3.18696e+015	0.367985	3.18696e+015	0.359533	2.6084	5.17286e+016
76.2352	2.75189e+015	0.348393	2.75189e+015	0.373117	2.05057	4.47606e+016
76.0758	2.40492e+015	0.329959	2.40492e+015	0.386543	1.62893	3.9199e+016
75.9169	2.13506e+015	0.312961	2.13506e+015	0.399471	1.31832	3.48733e+016
75.7588	1.92681e+015	0.297513	1.92681e+015	0.411681	1.09062	3.15376e+016
75.6013	1.76441e+015	0.283543	1.76441e+015	0.423108	0.921414	2.89396e+016
75.4444	1.63575e+015	0.270894	1.63575e+015	0.433786	0.793085	2.68851e+016
75.2882	1.53253e+015	0.25939	1.53253e+015	0.443784	0.693796	2.52408e+016
75.1327	1.4492e+015	0.248882	1.4492e+015	0.453171	0.615722	2.39178e+016
74.9778	1.38176e+015	0.239248	1.38176e+015	0.462001	0.553479	2.28518e+016
74.8235	1.32697e+015	0.230389	1.32697e+015	0.470324	0.503179	2.1991e+016
74.6698	1.28196e+015	0.222216	1.28196e+015	0.478183	0.461879	2.12889e+016
74.5168	1.24435e+015	0.214651	1.24435e+015	0.485621	0.427379	2.07066e+016
74.3644	1.21204e+015	0.207614	1.21204e+015	0.492688	0.397977	2.02103e+016
74.2127	1.18384e+015	0.201031	1.18384e+015	0.499434	0.372548	1.97804e+016
74.0615	1.1593e+015	0.194839	1.1593e+015	0.505907	0.350391	1.941e+016
73.911	1.13888e+015	0.188983	1.13888e+015	0.512148	0.331195	1.91069e+016
73.7611	1.12359e+015	0.183439	1.12359e+015	0.518172	0.314908	1.88886e+016
73.6118	1.11403e+015	0.178197	1.11403e+015	0.523975	0.301405	1.8766e+016
73.4631	1.11007e+015	0.173259	1.11007e+015	0.529543	0.290405	1.87372e+016
73.3149	1.11062e+015	0.168627	1.11062e+015	0.534858	0.281423	1.87843e+016
73.1674	1.11352e+015	0.164289	1.11352e+015	0.539921	0.273761	1.88714e+016
73.0205	1.11644e+015	0.160205	1.11644e+015	0.544764	0.266701	1.89589e+016
72.8742	1.1191e+015	0.156311	1.1191e+015	0.549451	0.260043	1.90423e+016
72.7284	1.12426e+015	0.152569	1.12426e+015	0.554028	0.254321	1.91684e+016
72.5833	1.13546e+015	0.148998	1.13546e+015	0.558465	0.250279	1.9398e+016
72.4387	1.15394e+015	0.145657	1.15394e+015	0.562684	0.248168	1.9753e+016
72.2947	1.17772e+015	0.142613	1.17772e+015	0.566587	0.247574	2.02003e+016
72.1512	1.20021e+015	0.139907	1.20021e+015	0.5701	0.247156	2.06269e+016
72.0083	1.2117e+015	0.137491	1.2117e+015	0.573266	0.244922	2.08657e+016
71.866	1.20639e+015	0.135218	1.20639e+015	0.57626	0.239613	2.08155e+016
71.7243	1.186e+015	0.132946	1.186e+015	0.579271	0.231485	2.0504e+016
71.5831	1.15663e+015	0.130597	1.15663e+015	0.582409	0.221729	2.00358e+016
71.4425	1.1255e+015	0.12816	1.1255e+015	0.585704	0.211763	1.95348e+016
71.3024	1.09908e+015	0.125677	1.09908e+015	0.589105	0.202865	1.91137e+016
71.1628	1.08012e+015	0.12323	1.08012e+015	0.592506	0.195592	1.88208e+016
71.0239	1.06735e+015	0.120884	1.06735e+015	0.595811	0.189727	1.86347e+016
70.8854	1.05677e+015	0.118666	1.05677e+015	0.598973	0.184543	1.84862e+016
70.7475	1.04424e+015	0.116556	1.04424e+015	0.602014	0.179269	1.83024e+016
70.6101	1.02904e+015	0.114502	1.02904e+015	0.605004	0.173731	1.80711e+016
70.4733	1.01328e+015	0.112498	1.01328e+015	0.607953	0.168281	1.78289e+016
70.337	9.95867e+014	0.110559	9.95867e+014	0.610837	0.162757	1.75566e+016
70.2012	9.74713e+014	0.108655	9.74713e+014	0.613695	0.156797	1.72169e+016
70.0659	9.50778e+014	0.106747	9.50778e+014	0.61659	0.150528	1.68265e+016
69.9312	9.27386e+014	0.104815	9.27386e+014	0.619555	0.144463	1.64442e+016
69.797	9.0848e+014	0.102883	9.0848e+014	0.622558	0.139224	1.61399e+016
69.6632	8.93994e+014	0.100997	8.93994e+014	0.625527	0.134812	1.5913e+016
69.53	8.81445e+014	0.0991603	8.81445e+014	0.628452	0.130829	1.57197e+016
69.3974	8.70681e+014	0.0973523	8.70681e+014	0.631365	0.127214	1.55574e+016
69.2652	8.64009e+014	0.0955759	8.64009e+014	0.634264	0.124284	1.54677e+016
69.1335	8.61798e+014	0.0938638	8.61798e+014	0.637092	0.122092	1.54575e+016
69.0023	8.61078e+014	0.092231	8.61078e+014	0.63982	0.12021	1.54739e+016
68.8716	8.58867e+014	0.0906536	8.58867e+014	0.642483	0.118195	1.54635e+016
68.7414	8.5519e+014	0.0890945	8.5519e+014	0.645142	0.116023	1.54264e+016
68.6117	8.52638e+014	0.0875335	8.52638e+014	0.647834	0.114027	1.54095e+016
68.4825	8.53744e+014	0.0859788	8.53744e+014	0.650547	0.112541	1.54586e+016
68.3538	8.59496e+014	0.0844435	8.59496e+014	0.65326	0.111683	1.5592e+016
68.2255	8.70555e+014	0.0829295	8.70555e+014	0.655969	0.111513	1.58224e+016
68.0978	8.8896e+014	0.0814381	8.8896e+014	0.658673	0.11226	1.61872e+016
67.9705	9.18338e+014	0.0799931	9.18338e+014	0.661332	0.114355	1.67534e+016
67.8437	9.60534e+014	0.0786564	9.60534e+014	0.66383	0.118031	1.7556e+016
67.7173	1.01141e+015	0.0774877	1.01141e+015	0.666049	0.1228	1.85204e+016
67.5915	1.0641e+015	0.0764959	1.0641e+015	0.667959	0.127835	1.95214e+016
67.4661	1.11353e+015	0.0756541	1.11353e+015	0.669598	0.13253	2.04663e+016
67.3411	1.158e+015	0.0749277	1.158e+015	0.671024	0.136674	2.13231e+016
67.2167	1.19815e+015	0.0743097	1.19815e+015	0.672247	0.140365	2.21032e+016
67.0926	1.23291e+015	0.073815	1.23291e+015	0.673234	0.143523	2.27866e+016
66.9691	1.25854e+015	0.0734803	1.25854e+015	0.673905	0.145789	2.33032e+016
66.846	1.25973e+015	0.0733145	1.25973e+015	0.674225	0.145452	2.33682e+016
66.7233	1.22001e+015	0.07312	1.22001e+015	0.674558	0.14042	2.26729e+016
66.6011	1.15138e+015	0.0726508	1.15138e+015	0.675398	0.131816	2.14368e+016
66.4794	1.07988e+015	0.0718853	1.07988e+015	0.676824	0.122654	2.01423e+016
66.3581	1.02085e+015	0.0709433	1.02085e+015	0.678623	0.11484	1.90761e+016
66.2372	9.77202e+014	0.0699505	9.77202e+014	0.680554	0.108813	1.82938e+016
66.1168	9.43682e+014	0.0689791	9.43682e+014	0.682469	0.104019	1.76985e+016
65.9968	9.14714e+014	0.0680298	9.14714e+014	0.68436	0.0998191	1.71864e+016
65.8772	8.90016e+014	0.0670908	8.90016e+014	0.68625	0.0961555	1.67527e+016
65.7581	8.69388e+014	0.0661753	8.69388e+014	0.688113	0.093003	1.63941e+016
65.6394	8.51432e+014	0.0652831	8.51432e+014	0.689944	0.0901999	1.60845e+016
65.5211	8.36245e+014	0.064418	8.36245e+014	0.691737	0.0877491	1.58261e+016
65.4033	8.21775e+014	0.0635875	8.21775e+014	0.693472	0.0854344	1.55803e+016
65.2858	8.06429e+014	0.0627692	8.06429e+014	0.695195	0.083071	1.53168e+016
65.1688	7.92948e+014	0.0619532	7.92948e+014	0.696928	0.0809319	1.50878e+016
65.0523	7.82445e+014	0.0611615	7.82445e+014	0.698625	0.0791396	1.49147e+016
64.9361	7.72571e+014	0.0604015	7.72571e+014	0.700267	0.077456	1.47528e+016
64.8203	7.62613e+014	0.0596593	7.62613e+014	0.701882	0.0757975	1.45886e+016
64.705	7.54076e+014	0.0589353	7.54076e+014	0.70347	0.0743116	1.4451e+016
64.5901	7.46664e+014	0.0582452	7.46664e+014	0.704996	0.072976	1.43345e+016
64.4756	7.38163e+014	0.0575926	7.38163e+014	0.706448	0.0715755	1.41964e+016
64.3614	7.26184e+014	0.0569693	7.26184e+014	0.707842	0.0698767	1.39908e+016
64.2477	7.09236e+014	0.0563506	7.09236e+014	0.709231	0.0677279	1.36885e+016
64.1344	6.89599e+014	0.0557125	6.89599e+014	0.710673	0.0653396	1.3333e+016
64.0215	6.70647e+014	0.0550599	6.70647e+014	0.712159	0.0630379	1.29894e+016
63.909	6.53309e+014	0.0544073	6.53309e+014	0.713657	0.0609169	1.26759e+016
63.7969	6.37454e+014	0.0537654	6.37454e+014	0.715142	0.0589669	1.239e+016
63.6851	6.21908e+014	0.053139	6.21908e+014	0.716602	0.0570793	1.2109e+016
63.5738	6.05751e+014	0.0525231	6.05751e+014	0.718047	0.0551661	1.18151e+016
63.4629	5.89331e+014	0.0519134	5.89331e+014	0.719488	0.0532571	1.15149e+016
63.3523	5.72982e+014	0.0513116	5.72982e+014	0.720921	0.0513831	1.1215e+016
63.2421	5.56558e+014	0.0507211	5.56558e+014	0.722336	0.0495322	1.09125e+016
63.1323	5.39223e+014	0.0501439	5.39223e+014	0.723729	0.0476312	1.0591e+016
63.0229	5.19813e+014	0.0495742	5.19813e+014	0.725113	0.0455762	1.02275e+016
62.9139	4.98078e+014	0.049003	4.98078e+014	0.726509	0.0433453	9.81685e+015
62.8052	4.74277e+014	0.048419	4.74277e+014	0.727946	0.0409601	9.36392e+015
62.6969	4.50654e+014	0.0478136	4.50654e+014	0.729449	0.0386143	8.91289e+015
62.589	4.29411e+014	0.0471957	4.29411e+014	0.730996	0.0364988	8.50739e+015
62.4815	4.10658e+014	0.0465749	4.10658e+014	0.732564	0.0346222	8.14987e+015
62.3743	3.94723e+014	0.0459519	3.94723e+014	0.734151	0.0330072	7.84709e+015
62.2675	3.82642e+014	0.045333	3.82642e+014	0.735742	0.0317356	7.61996e+015
62.161	3.74726e+014	0.044731	3.74726e+014	0.737304	0.0308294	7.4751e+015
62.055	3.69384e+014	0.0441581	3.69384e+014	0.738804	0.0301539	7.38113e+015
61.9493	3.64075e+014	0.0436125	3.64075e+014	0.740242	0.0294974	7.28747e+015
61.8439	3.57663e+014	0.0430841	3.57663e+014	0.741645	0.0287649	7.17132e+015
61.7389	3.50303e+014	0.0425655	3.50303e+014	0.743032	0.0279681	7.03569e+015
61.6343	3.42429e+014	0.0420534	3.42429e+014	0.744411	0.0271418	6.88922e+015
61.53	3.34422e+014	0.0415465	3.34422e+014	0.745787	0.0263164	6.73954e+015
61.426	3.26544e+014	0.0410455	3.26544e+014	0.747156	0.0255124	6.5919e+015
61.3225	3.1874e+014	0.0405515	3.1874e+014	0.748516	0.0247256	6.44524e+015
61.2192	3.10764e+014	0.0400632	3.10764e+014	0.74987	0.0239362	6.29454e+015
61.1163	3.02597e+014	0.0395779	3.02597e+014	0.751225	0.0231424	6.13944e+015
61.0138	2.9469e+014	0.039094	2.9469e+014	0.752587	0.0223781	5.98906e+015
60.9116	2.87481e+014	0.038612	2.87481e+014	0.753953	0.0216759	5.85235e+015
60.8097	2.81176e+014	0.038133	2.81176e+014	0.755322	0.0210503	5.73359e+015
60.7082	2.75953e+014	0.0376575	2.75953e+014	0.75669	0.0205132	5.6365e+015
60.607	2.72005e+014	0.0371872	2.72005e+014	0.758055	0.0200772	5.56513e+015
60.5062	2.69388e+014	0.0367234	2.69388e+014	0.759411	0.0197448	5.52077e+015
60.4057	2.67992e+014	0.0362674	2.67992e+014	0.760755	0.0195062	5.50131e+015
60.3055	2.67683e+014	0.0358203	2.67683e+014	0.762082	0.0193499	5.50409e+015
60.2057	2.68295e+014	0.0353817	2.68295e+014	0.763394	0.0192624	5.52582e+015
60.1061	2.69692e+014	0.0349522	2.69692e+014	0.764688	0.0192328	5.56379e+015
60.007	2.71778e+014	0.0345313	2.71778e+014	0.765966	0.0192529	5.6161e+015
59.9081	2.74445e+014	0.0341189	2.74445e+014	0.767227	0.0193142	5.68056e+015
59.8096	2.77582e+014	0.0337145	2.77582e+014	0.768473	0.0194081	5.75495e+015
59.7114	2.81161e+014	0.0333172	2.81161e+014	0.769705	0.0195319	5.83875e+015
59.6135	2.8525e+014	0.0329261	2.8525e+014	0.770927	0.0196895	5.93339e+015
59.5159	2.89972e+014	0.0325411	2.89972e+014	0.772138	0.0198888	6.04151e+015
59.4186	2.95533e+014	0.0321621	2.95533e+014	0.77334	0.0201429	6.16744e+015
59.3217	3.02152e+014	0.0317893	3.02152e+014	0.77453	0.0204657	6.31587e+015
59.2251	3.10228e+014	0.031424	3.10228e+014	0.775705	0.0208832	6.49526e+015
59.1288	3.19862e+014	0.03107	3.19862e+014	0.776851	0.0214016	6.70788e+015
59.0328	3.30515e+014	0.0307306	3.30515e+014	0.777959	0.0219842	6.94255e+015
58.9371	3.41233e+014	0.0304076	3.41233e+014	0.779019	0.0225678	7.17932e+015
58.8418	3.5051e+014	0.0300991	3.5051e+014	0.780039	0.0230531	7.38647e+015
58.7467	3.57459e+014	0.0297969	3.57459e+014	0.781042	0.0233817	7.54509e+015
58.652	3.62954e+014	0.0294927	3.62954e+014	0.782058	0.0236106	7.67346e+015
58.5575	3.68706e+014	0.0291856	3.68706e+014	0.78309	0.0238515	7.80762e+015
58.4634	3.75583e+014	0.0288802	3.75583e+014	0.784123	0.0241615	7.96607e+015
58.3695	3.83662e+014	0.0285798	3.83662e+014	0.785146	0.0245453	8.15049e+015
58.276	3.92619e+014	0.028287	3.92619e+014	0.786149	0.0249821	8.35416e+015
58.1827	4.01867e+014	0.028003	4.01867e+014	0.787129	0.0254343	8.56466e+015
58.0898	4.10611e+014	0.0277262	4.10611e+014	0.788089	0.0258513	8.76501e+015
57.9972	4.18509e+014	0.027451	4.18509e+014	0.789049	0.0262106	8.94788e+015
57.9048	4.26857e+014	0.0271721	4.26857e+014	0.790028	0.0265916	9.1409e+015
57.8127	4.37744e+014	0.0268917	4.37744e+014	0.791019	0.027124	9.38897e+015
57.721	4.52497e+014	0.0266191	4.52497e+014	0.791991	0.0278905	9.72084e+015
57.6295	4.70541e+014	0.0263654	4.70541e+014	0.792903	0.0288566	1.01245e+016
57.5383	4.8978e+014	0.0261372	4.8978e+014	0.793729	0.029895	1.05552e+016
57.4474	5.07417e+014	0.0259347	5.07417e+014	0.794467	0.0308362	1.09526e+016
57.3568	5.20959e+014	0.0257509	5.20959e+014	0.795138	0.031529	1.12627e+016
57.2665	5.29398e+014	0.0255755	5.29398e+014	0.795778	0.0319119	1.14631e+016
57.1764	5.32481e+014	0.0253995	5.32481e+014	0.796421	0.0319697	1.15481e+016
57.0867	5.30705e+014	0.0252115	5.30705e+014	0.797107	0.031731	1.15276e+016
56.9972	5.26758e+014	0.025002	5.26758e+014	0.797875	0.0313551	1.14599e+016
56.908	5.24549e+014	0.0247717	5.24549e+014	0.798724	0.0310755	1.14297e+016
56.8191	5.27106e+014	0.0245315	5.27106e+014	0.799617	0.0310738	1.15034e+016
56.7304	5.35219e+014	0.0242961	5.35219e+014	0.800501	0.0313985	1.16987e+016
56.6421	5.47306e+014	0.0240774	5.47306e+014	0.801329	0.0319581	1.19816e+016
56.554	5.60939e+014	0.0238794	5.60939e+014	0.802084	0.0326106	1.22991e+016
56.4662	5.73757e+014	0.0237027	5.73757e+014	0.802761	0.0332194	1.25997e+016
56.3786	5.82794e+014	0.0235426	5.82794e+014	0.803376	0.0336129	1.28181e+016
56.2914	5.863e+014	0.0233853	5.863e+014	0.803979	0.0336867	1.29152e+016
56.2043	5.85803e+014	0.0232162	5.85803e+014	0.804628	0.033525	1.29242e+016
56.1176	5.84844e+014	0.0230323	5.84844e+014	0.805336	0.0333305	1.2923e+016
56.0311	5.85564e+014	0.022839	5.85564e+014	0.806085	0.0332273	1.29589e+016
55.9449	5.89192e+014	0.0226418	5.89192e+014	0.806855	0.0332862	1.30592e+016
55.859	5.9631e+014	0.0224481	5.9631e+014	0.807617	0.0335413	1.32373e+016
55.7733	6.0604e+014	0.022265	6.0604e+014	0.808342	0.0339445	1.3474e+016
55.6879	6.16903e+014	0.0220942	6.16903e+014	0.809024	0.0344127	1.37366e+016
55.6028	6.2801e+014	0.0219352	6.2801e+014	0.809662	0.0348958	1.40053e+016
55.5179	6.38329e+014	0.0217883	6.38329e+014	0.810253	0.0353373	1.42572e+016
55.4333	6.46633e+014	0.0216494	6.46633e+014	0.810814	0.0356681	1.44647e+016
55.3489	6.52975e+014	0.0215145	6.52975e+014	0.81136	0.0358905	1.46288e+016
55.2648	6.57218e+014	0.0213814	6.57218e+014	0.811898	0.0359969	1.47463e+016
55.1809	6.59632e+014	0.0212448	6.59632e+014	0.812452	0.0360006	1.4823e+016
55.0973	6.61786e+014	0.0211014	6.61786e+014	0.813035	0.0359859	1.48939e+016
55.0139	6.66024e+014	0.0209517	6.66024e+014	0.813647	0.0360798	1.5012e+016
54.9308	6.75308e+014	0.0208034	6.75308e+014	0.814261	0.0364448	1.52443e+016
54.848	6.91008e+014	0.020675	6.91008e+014	0.814799	0.0371617	1.56223e+016
54.7654	7.09348e+014	0.0205901	7.09348e+014	0.815161	0.0380392	1.60611e+016
54.683	7.19177e+014	0.0205553	7.19177e+014	0.815311	0.0384867	1.63082e+016
54.6009	7.09713e+014	0.0205329	7.09713e+014	0.815396	0.0379117	1.61178e+016
54.5191	6.84251e+014	0.020471	6.84251e+014	0.815633	0.0364658	1.55628e+016
54.4374	6.54813e+014	0.0203558	6.54813e+014	0.81609	0.0347872	1.49156e+016
54.3561	6.29616e+014	0.0202046	6.29616e+014	0.816702	0.0333243	1.43631e+016
54.2749	6.1084e+014	0.0200381	6.1084e+014	0.817385	0.0322019	1.39556e+016
54.1941	5.97143e+014	0.0198693	5.97143e+014	0.818085	0.0313526	1.36631e+016
54.1134	5.87025e+014	0.0197009	5.87025e+014	0.818789	0.0306965	1.34516e+016
54.033	5.80347e+014	0.0195353	5.80347e+014	0.819487	0.030225	1.33183e+016
53.9528	5.7646e+014	0.0193774	5.7646e+014	0.820157	0.0299047	1.32488e+016
53.8729	5.73348e+014	0.0192294	5.73348e+014	0.820789	0.0296307	1.31968e+016
53.7932	5.69122e+014	0.019087	5.69122e+014	0.821398	0.0293036	1.3119e+016
53.7138	5.63573e+014	0.018943	5.63573e+014	0.822016	0.0289099	1.30103e+016
53.6345	5.58184e+014	0.0187941	5.58184e+014	0.822658	0.0285244	1.29049e+016
53.5555	5.54253e+014	0.0186412	5.54253e+014	0.823322	0.0282136	1.28329e+016
53.4768	5.52415e+014	0.0184852	5.52415e+014	0.824004	0.0280091	1.28092e+016
53.3983	5.53928e+014	0.0183266	5.53928e+014	0.824702	0.0279734	1.28632e+016
53.32	5.60669e+014	0.0181699	5.60669e+014	0.825399	0.0282007	1.30388e+016
53.2419	5.73491e+014	0.0180249	5.73491e+014	0.82605	0.028735	1.33566e+016
53.1641	5.90667e+014	0.0179014	5.90667e+014	0.826612	0.0294919	1.37767e+016
53.0864	6.09405e+014	0.0178019	6.09405e+014	0.827069	0.0303324	1.42346e+016
53.0091	6.27841e+014	0.0177264	6.27841e+014	0.827419	0.0311644	1.46866e+016
52.9319	6.4363e+014	0.017675	6.4363e+014	0.827661	0.0318734	1.50779e+016
52.855	6.54401e+014	0.0176431	6.54401e+014	0.827811	0.0323418	1.53525e+016
52.7782	6.5911e+014	0.0176249	6.5911e+014	0.827896	0.0325171	1.54855e+016
52.7018	6.57762e+014	0.0176164	6.57762e+014	0.827933	0.0323994	1.54762e+016
52.6255	6.5047e+014	0.01762	6.5047e+014	0.827911	0.0319965	1.53268e+016
52.5494	6.33699e+014	0.0176402	6.33699e+014	0.827808	0.0311386	1.49533e+016
52.4736	6.00294e+014	0.0176664	6.00294e+014	0.827668	0.0294702	1.41855e+016
52.398	5.47286e+014	0.017665	5.47286e+014	0.827642	0.0268326	1.29515e+016
52.3226	4.8161e+014	0.0176065	4.8161e+014	0.82787	0.0235601	1.14137e+016
52.2474	4.1392e+014	0.0174842	4.1392e+014	0.828392	0.0201822	9.82366e+015
52.1725	3.5376e+014	0.0173108	3.5376e+014	0.829155	0.017177	8.40792e+015
52.0977	3.05619e+014	0.01711	3.05619e+014	0.830057	0.0147703	7.27417e+015
52.0232	2.69027e+014	0.0169009	2.69027e+014	0.831008	0.0129388	6.41239e+015
51.9489	2.41557e+014	0.0166944	2.41557e+014	0.831957	0.0115615	5.76587e+015
51.8748	2.20781e+014	0.0164949	2.20781e+014	0.832883	0.0105169	5.27748e+015
51.8009	2.04916e+014	0.0163037	2.04916e+014	0.833778	0.00971597	4.90523e+015
51.7272	1.92656e+014	0.016121	1.92656e+014	0.834639	0.00909348	4.61832e+015
51.6537	1.83057e+014	0.0159463	1.83057e+014	0.835469	0.00860249	4.39446e+015
51.5804	1.75364e+014	0.015779	1.75364e+014	0.836268	0.00820571	4.21577e+015
51.5074	1.69053e+014	0.0156184	1.69053e+014	0.83704	0.00787739	4.06983e+015
51.4345	1.63776e+014	0.0154636	1.63776e+014	0.837789	0.00760028	3.94836e+015
51.3619	1.5927e+014	0.015314	1.5927e+014	0.838517	0.00736153	3.84516e+015
51.2894	1.55361e+014	0.015169	1.55361e+014	0.839227	0.00715255	3.75608e+015
51.2172	1.51874e+014	0.0150282	1.51874e+014	0.83992	0.00696489	3.67695e+015
51.1452	1.48691e+014	0.0148908	1.48691e+014	0.840599	0.00679287	3.60497e+015
51.0733	1.45843e+014	0.0147568	1.45843e+014	0.841265	0.0066376	3.5409e+015
51.0017	1.43242e+014	0.0146257	1.43242e+014	0.841921	0.00649489	3.48263e+015
50.9303	1.40888e+014	0.0144972	1.40888e+014	0.842566	0.00636457	3.43021e+015
50.859	1.38782e+014	0.0143714	1.38782e+014	0.843201	0.0062465	3.38365e+015
50.788	1.36835e+014	0.0142482	1.36835e+014	0.843827	0.00613662	3.34086e+015
50.7172	1.35048e+014	0.0141272	1.35048e+014	0.844444	0.0060348	3.30184e+015
50.6465	1.33378e+014	0.0140084	1.33378e+014	0.845052	0.005939	3.26554e+015
50.5761	1.31823e+014	0.0138917	1.31823e+014	0.845653	0.00584913	3.23198e+015
50.5059	1.30356e+014	0.0137769	1.30356e+014	0.846247	0.00576384	3.20045e+015
50.4358	1.28976e+014	0.013664	1.28976e+014	0.846834	0.00568306	3.17095e+015
50.3659	1.27682e+014	0.0135528	1.27682e+014	0.847415	0.00560674	3.14351e+015
50.2963	1.26417e+014	0.0134433	1.26417e+014	0.847989	0.00553227	3.11668e+015
50.2268	1.2521e+014	0.0133354	1.2521e+014	0.848557	0.00546088	3.09119e+015
50.1575	1.24061e+014	0.0132291	1.24061e+014	0.84912	0.00539255	3.06704e+015
50.0884	1.22984e+014	0.0131243	1.22984e+014	0.849678	0.00532789	3.04462e+015
50.0196	1.21921e+014	0.0130209	1.21921e+014	0.85023	0.00526431	3.02247e+015
49.9508	1.20931e+014	0.0129189	1.20931e+014	0.850778	0.00520432	3.00205e+015
49.8823	1.1994e+014	0.0128182	1.1994e+014	0.85132	0.00514474	2.98153e+015
49.814	1.19037e+014	0.0127188	1.19037e+014	0.851859	0.00508934	2.96314e+015
49.7458	1.18162e+014	0.0126207	1.18162e+014	0.852392	0.00503558	2.94539e+015
49.6779	1.17316e+014	0.0125238	1.17316e+014	0.852921	0.00498341	2.92831e+015
49.6101	1.16499e+014	0.0124282	1.16499e+014	0.853446	0.00493285	2.91189e+015
49.5425	1.15726e+014	0.0123338	1.15726e+014	0.853966	0.00488448	2.8965e+015
49.4751	1.14966e+014	0.0122405	1.14966e+014	0.854482	0.00483705	2.88141e+015
49.4079	1.14236e+014	0.0121483	1.14236e+014	0.854994	0.00479116	2.867e+015
49.3409	1.13519e+014	0.0120572	1.13519e+014	0.855503	0.00474618	2.85289e+015
49.274	1.12832e+014	0.0119672	1.12832e+014	0.856007	0.00470272	2.83946e+015
49.2073	1.12143e+014	0.0118782	1.12143e+014	0.856508	0.00465952	2.82596e+015
49.1408	1.11484e+014	0.0117902	1.11484e+014	0.857005	0.00461782	2.81315e+015
49.0745	1.10839e+014	0.0117032	1.10839e+014	0.857499	0.00457699	2.80065e+015
49.0084	1.10208e+014	0.0116172	1.10208e+014	0.857989	0.00453702	2.78846e+015
48.9424	1.09591e+014	0.0115322	1.09591e+014	0.858476	0.00449789	2.77659e+015
48.8766	1.08974e+014	0.0114481	1.08974e+014	0.858959	0.004459	2.76466e+015
48.811	1.084e+014	0.0113649	1.084e+014	0.859439	0.00442217	2.75381e+015
48.7456	1.07796e+014	0.0112826	1.07796e+014	0.859916	0.00438432	2.74213e+015
48.6803	1.07236e+014	0.0112012	1.07236e+014	0.860389	0.00434853	2.73155e+015
48.6153	1.0666e+014	0.0111206	1.0666e+014	0.86086	0.00431232	2.72052e+015
48.5504	1.06114e+014	0.0110409	1.06114e+014	0.861327	0.00427753	2.7102e+015
48.4856	1.05582e+014	0.010962	1.05582e+014	0.861792	0.00424354	2.70022e+015
48.4211	1.05049e+014	0.010884	1.05049e+014	0.862253	0.00420974	2.69017e+015
48.3567	1.04531e+014	0.0108067	1.04531e+014	0.862712	0.00417673	2.68046e+015
48.2924	1.03997e+014	0.0107303	1.03997e+014	0.863167	0.0041433	2.67031e+015
48.2284	1.03492e+014	0.0106546	1.03492e+014	0.86362	0.00411125	2.66088e+015
48.1645	1.02986e+014	0.0105797	1.02986e+014	0.86407	0.00407937	2.65139e+015
48.1008	1.02495e+014	0.0105056	1.02495e+014	0.864517	0.00404826	2.64225e+015
48.0373	1.02004e+014	0.0104321	1.02004e+014	0.864962	0.00401731	2.63305e+015
47.9739	1.01526e+014	0.0103595	1.01526e+014	0.865403	0.00398713	2.62419e+015
47.9107	1.01063e+014	0.0102875	1.01063e+014	0.865843	0.00395769	2.61567e+015
47.8477	1.0057e+014	0.0102162	1.0057e+014	0.866279	0.00392723	2.60632e+015
47.7848	1.0012e+014	0.0101456	1.0012e+014	0.866713	0.00389869	2.59809e+015
47.7221	9.96708e+013	0.0100758	9.96708e+013	0.867145	0.00387031	2.58983e+015
47.6595	9.92204e+013	0.0100065	9.92204e+013	0.867574	0.00384206	2.58151e+015
47.5971	9.87694e+013	0.00993803	9.87694e+013	0.868	0.00381397	2.57314e+015
47.5349	9.8333e+013	0.00987016	9.8333e+013	0.868424	0.0037866	2.56512e+015
47.4729	9.78806e+013	0.00980292	9.78806e+013	0.868845	0.00375879	2.55666e+015
47.411	9.74733e+013	0.00973628	9.74733e+013	0.869265	0.00373286	2.54934e+015
47.3492	9.70502e+013	0.00967034	9.70502e+013	0.869681	0.00370648	2.54159e+015
47.2877	9.66264e+013	0.00960499	9.66264e+013	0.870096	0.00368023	2.53378e+015
47.2263	9.62172e+013	0.00954028	9.62172e+013	0.870508	0.0036547	2.52633e+015
47.165	9.57921e+013	0.00947611	9.57921e+013	0.870918	0.0036287	2.51844e+015
47.1039	9.53816e+013	0.00941259	9.53816e+013	0.871325	0.00360342	2.5109e+015
47.043	9.49705e+013	0.00934962	9.49705e+013	0.87173	0.00357825	2.50332e+015
46.9822	9.46048e+013	0.00928723	9.46048e+013	0.872133	0.00355493	2.4969e+015
46.9216	9.41924e+013	0.00922546	9.41924e+013	0.872534	0.00353	2.48923e+015
46.8611	9.37948e+013	0.0091642	9.37948e+013	0.872933	0.00350576	2.48192e+015
46.8008	9.34119e+013	0.00910353	9.34119e+013	0.873329	0.00348221	2.47497e+015
46.7406	9.30283e+013	0.00904336	9.30283e+013	0.873724	0.00345876	2.46798e+015
46.6806	9.26442e+013	0.00898382	9.26442e+013	0.874116	0.00343543	2.46095e+015
46.6208	9.22595e+013	0.00892479	9.22595e+013	0.874506	0.00341221	2.45388e+015
46.5611	9.18895e+013	0.0088662	9.18895e+013	0.874894	0.00338966	2.44717e+015
46.5016	9.1519e+013	0.00880825	9.1519e+013	0.87528	0.00336722	2.44042e+015
46.4422	9.11632e+013	0.00875073	9.11632e+013	0.875664	0.00334544	2.43405e+015
46.3829	9.08069e+013	0.00869376	9.08069e+013	0.876046	0.00332376	2.42763e+015
46.3238	9.04346e+013	0.00863731	9.04346e+013	0.876426	0.00330162	2.42076e+015
46.2649	9.00926e+013	0.00858133	9.00926e+013	0.876804	0.0032807	2.41468e+015
46.2061	8.97345e+013	0.00852584	8.97345e+013	0.87718	0.00325931	2.40814e+015
46.1475	8.93758e+013	0.00847084	8.93758e+013	0.877554	0.00323802	2.40156e+015
46.089	8.90476e+013	0.00841632	8.90476e+013	0.877926	0.00321795	2.39578e+015
46.0307	8.86878e+013	0.00836232	8.86878e+013	0.878296	0.00319685	2.38912e+015
45.9725	8.83429e+013	0.00830872	8.83429e+013	0.878664	0.00317639	2.38284e+015
45.9144	8.79974e+013	0.00825559	8.79974e+013	0.879031	0.00315602	2.37653e+015
45.8565	8.76669e+013	0.00820297	8.76669e+013	0.879395	0.0031363	2.37059e+015
45.7988	8.73359e+013	0.00815078	8.73359e+013	0.879758	0.00311667	2.36462e+015
45.7412	8.70199e+013	0.00809903	8.70199e+013	0.880119	0.00309767	2.35903e+015
45.6837	8.66721e+013	0.00804771	8.66721e+013	0.880478	0.00307764	2.35255e+015
45.6264	8.63393e+013	0.00799683	8.63393e+013	0.880835	0.00305826	2.34647e+015
45.5692	8.60372e+013	0.00794636	8.60372e+013	0.881191	0.00304005	2.34119e+015
45.5122	8.5719e+013	0.00789633	8.5719e+013	0.881545	0.00302138	2.33545e+015
45.4553	8.53846e+013	0.00784676	8.53846e+013	0.881896	0.00300223	2.32925e+015
45.3985	8.50809e+013	0.00779756	8.50809e+013	0.882247	0.00298426	2.32387e+015
45.3419	8.47453e+013	0.0077488	8.47453e+013	0.882595	0.00296527	2.31759e+015
45.2854	8.44562e+013	0.00770046	8.44562e+013	0.882942	0.002948	2.31257e+015
45.2291	8.41352e+013	0.00765249	8.41352e+013	0.883287	0.00292971	2.30665e+015
45.1729	8.38294e+013	0.00760496	8.38294e+013	0.88363	0.00291203	2.30112e+015
45.1169	8.3523e+013	0.00755778	8.3523e+013	0.883972	0.00289443	2.29556e+015
45.061	8.32318e+013	0.00751103	8.32318e+013	0.884312	0.00287745	2.2904e+015
45.0052	8.29086e+013	0.00746467	8.29086e+013	0.88465	0.00285944	2.28433e+015
44.9496	8.26164e+013	0.00741863	8.26164e+013	0.884987	0.00284259	2.27909e+015
44.8941	8.23236e+013	0.00737303	8.23236e+013	0.885322	0.00282581	2.27382e+015
44.8387	8.20303e+013	0.00732775	8.20303e+013	0.885656	0.0028091	2.26852e+015
44.7835	8.17365e+013	0.00728287	8.17365e+013	0.885988	0.00279245	2.26318e+015
44.7284	8.1458e+013	0.00723834	8.1458e+013	0.886318	0.0027764	2.25825e+015
44.6735	8.11632e+013	0.00719423	8.11632e+013	0.886647	0.00275988	2.25284e+015
44.6187	8.08836e+013	0.0071504	8.08836e+013	0.886974	0.00274396	2.24784e+015
44.564	8.05877e+013	0.00710699	8.05877e+013	0.887299	0.00272757	2.24237e+015
44.5094	8.03072e+013	0.0070639	8.03072e+013	0.887624	0.00271178	2.2373e+015
44.455	8.00261e+013	0.00702111	8.00261e+013	0.887946	0.00269604	2.2322e+015
44.4008	7.97605e+013	0.00697872	7.97605e+013	0.888267	0.0026809	2.22751e+015
44.3466	7.94784e+013	0.00693667	7.94784e+013	0.888587	0.00266528	2.22234e+015
44.2926	7.92117e+013	0.00689494	7.92117e+013	0.888905	0.00265026	2.21758e+015
44.2387	7.89127e+013	0.00685356	7.89127e+013	0.889221	0.00263423	2.2119e+015
44.185	7.8661e+013	0.00681249	7.8661e+013	0.889536	0.00261985	2.20753e+015
44.1313	7.83928e+013	0.00677175	7.83928e+013	0.88985	0.00260499	2.20268e+015
44.0778	7.81082e+013	0.00673136	7.81082e+013	0.890162	0.00258966	2.19734e+015
44.0245	7.7855e+013	0.00669126	7.7855e+013	0.890473	0.00257545	2.19288e+015
43.9712	7.75854e+013	0.00665144	7.75854e+013	0.890782	0.00256075	2.18793e+015
43.9181	7.73313e+013	0.00661199	7.73313e+013	0.89109	0.00254664	2.1834e+015
43.8652	7.70767e+013	0.0065728	7.70767e+013	0.891397	0.00253258	2.17884e+015
43.8123	7.68056e+013	0.00653397	7.68056e+013	0.891702	0.00251805	2.17379e+015
43.7596	7.655e+013	0.00649542	7.655e+013	0.892005	0.00250409	2.16917e+015
43.707	7.6294e+013	0.00645717	7.6294e+013	0.892308	0.00249018	2.16452e+015
43.6545	7.60375e+013	0.00641922	7.60375e+013	0.892608	0.00247633	2.15983e+015
43.6022	7.57643e+013	0.00638155	7.57643e+013	0.892908	0.00246199	2.15466e+015
43.55	7.5523e+013	0.00634417	7.5523e+013	0.893206	0.00244876	2.15037e+015
43.4979	7.5265e+013	0.00630709	7.5265e+013	0.893503	0.00243504	2.14559e+015
43.4459	7.50227e+013	0.00627031	7.50227e+013	0.893798	0.0024219	2.14124e+015
43.3941	7.478e+013	0.00623379	7.478e+013	0.894093	0.00240881	2.13686e+015
43.3423	7.45205e+013	0.00619757	7.45205e+013	0.894385	0.00239523	2.13199e+015
43.2907	7.42931e+013	0.00616161	7.42931e+013	0.894677	0.00238275	2.12802e+015
43.2393	7.40327e+013	0.00612593	7.40327e+013	0.894967	0.00236927	2.12308e+015
43.1879	7.38206e+013	0.00609054	7.38206e+013	0.895256	0.00235739	2.11952e+015
43.1367	7.35592e+013	0.00605537	7.35592e+013	0.895544	0.002344	2.11452e+015
43.0856	7.33299e+013	0.00602052	7.33299e+013	0.89583	0.00233169	2.11043e+015
43.0346	7.30839e+013	0.0059859	7.30839e+013	0.896115	0.0023189	2.10584e+015
42.9837	7.28374e+013	0.00595157	7.28374e+013	0.896399	0.00230615	2.10123e+015
42.933	7.26231e+013	0.00591746	7.26231e+013	0.896682	0.00229448	2.09752e+015
42.8823	7.23757e+013	0.00588363	7.23757e+013	0.896963	0.00228182	2.09284e+015
42.8318	7.21605e+013	0.00585004	7.21605e+013	0.897243	0.00227023	2.08908e+015
42.7814	7.19285e+013	0.00581671	7.19285e+013	0.897522	0.00225816	2.08482e+015
42.7312	7.16961e+013	0.00578365	7.16961e+013	0.8978	0.00224613	2.08052e+015
42.681	7.14468e+013	0.00575083	7.14468e+013	0.898076	0.00223363	2.07573e+015
42.631	7.12135e+013	0.00571823	7.12135e+013	0.898352	0.00222168	2.07138e+015
42.581	7.09961e+013	0.00568587	7.09961e+013	0.898626	0.00221028	2.06747e+015
42.5312	7.07783e+013	0.00565378	7.07783e+013	0.898899	0.00219892	2.06354e+015
42.4816	7.05601e+013	0.0056219	7.05601e+013	0.89917	0.0021876	2.05959e+015
42.432	7.03414e+013	0.00559027	7.03414e+013	0.899441	0.00217631	2.0556e+015
42.3825	7.01223e+013	0.00555884	7.01223e+013	0.89971	0.00216505	2.05159e+015
42.3332	6.98862e+013	0.00552768	6.98862e+013	0.899979	0.00215333	2.04707e+015
42.284	6.96828e+013	0.00549674	6.96828e+013	0.900246	0.00214265	2.04348e+015
42.2349	6.94624e+013	0.00546604	6.94624e+013	0.900511	0.00213151	2.03939e+015
42.1859	6.92581e+013	0.00543555	6.92581e+013	0.900776	0.0021209	2.03575e+015
42.137	6.90368e+013	0.00540527	6.90368e+013	0.90104	0.00210982	2.0316e+015
42.0882	6.87986e+013	0.00537523	6.87986e+013	0.901303	0.00209827	2.02694e+015
42.0396	6.86096e+013	0.0053454	6.86096e+013	0.901564	0.00208827	2.02371e+015
41.991	6.8387e+013	0.00531578	6.8387e+013	0.901824	0.0020773	2.01948e+015
41.9426	6.81806e+013	0.00528637	6.81806e+013	0.902084	0.00206685	2.01571e+015
41.8943	6.79738e+013	0.0052572	6.79738e+013	0.902342	0.00205645	2.01191e+015
41.846	6.77666e+013	0.00522824	6.77666e+013	0.902599	0.00204607	2.00809e+015
41.7979	6.7559e+013	0.00519948	6.7559e+013	0.902854	0.00203573	2.00424e+015
41.75	6.7351e+013	0.0051709	6.7351e+013	0.90311	0.00202541	2.00037e+015
41.7021	6.71425e+013	0.00514253	6.71425e+013	0.903363	0.00201512	1.99646e+015
41.6543	6.69503e+013	0.00511436	6.69503e+013	0.903616	0.00200537	1.99303e+015
41.6067	6.67578e+013	0.00508643	6.67578e+013	0.903868	0.00199565	1.98958e+015
41.5591	6.65314e+013	0.00505868	6.65314e+013	0.904118	0.00198496	1.9851e+015
41.5117	6.6338e+013	0.00503114	6.6338e+013	0.904368	0.00197529	1.98159e+015
41.4643	6.61442e+013	0.00500376	6.61442e+013	0.904617	0.00196565	1.97806e+015
41.4171	6.59333e+013	0.00497661	6.59333e+013	0.904864	0.00195555	1.974e+015
41.37	6.57387e+013	0.00494963	6.57387e+013	0.905111	0.00194597	1.97042e+015
41.323	6.55438e+013	0.00492283	6.55438e+013	0.905356	0.00193642	1.96681e+015
41.2761	6.53652e+013	0.00489624	6.53652e+013	0.905601	0.00192739	1.96368e+015
41.2293	6.51527e+013	0.00486982	6.51527e+013	0.905844	0.00191739	1.95951e+015
41.1826	6.49565e+013	0.0048436	6.49565e+013	0.906087	0.00190792	1.95583e+015
41.136	6.47769e+013	0.00481757	6.47769e+013	0.906328	0.00189897	1.95263e+015
41.0895	6.45799e+013	0.00479171	6.45799e+013	0.906569	0.00188956	1.94889e+015
41.0431	6.43995e+013	0.00476604	6.43995e+013	0.906808	0.00188066	1.94565e+015
40.9969	6.42018e+013	0.00474055	6.42018e+013	0.907047	0.0018713	1.94186e+015
40.9507	6.40206e+013	0.00471523	6.40206e+013	0.907284	0.00186245	1.93856e+015
40.9046	6.38221e+013	0.00469008	6.38221e+013	0.907521	0.00185314	1.93473e+015
40.8587	6.36402e+013	0.00466512	6.36402e+013	0.907757	0.00184434	1.93139e+015
40.8128	6.34579e+013	0.00464033	6.34579e+013	0.907991	0.00183557	1.92802e+015
40.7671	6.32582e+013	0.0046157	6.32582e+013	0.908225	0.00182633	1.92411e+015
40.7214	6.30751e+013	0.00459125	6.30751e+013	0.908458	0.00181761	1.92069e+015
40.6759	6.29087e+013	0.00456694	6.29087e+013	0.90869	0.0018094	1.91777e+015
40.6304	6.27079e+013	0.00454283	6.27079e+013	0.908921	0.00180023	1.91378e+015
40.5851	6.25407e+013	0.00451887	6.25407e+013	0.909151	0.00179207	1.91081e+015
40.5398	6.23561e+013	0.00449508	6.23561e+013	0.90938	0.00178344	1.9073e+015
40.4947	6.21883e+013	0.00447146	6.21883e+013	0.909608	0.00177532	1.90429e+015
40.4496	6.19859e+013	0.004448	6.19859e+013	0.909836	0.00176625	1.9002e+015
40.4047	6.18173e+013	0.0044247	6.18173e+013	0.910062	0.00175818	1.89714e+015
40.3598	6.16483e+013	0.00440154	6.16483e+013	0.910288	0.00175013	1.89406e+015
40.3151	6.14619e+013	0.00437856	6.14619e+013	0.910512	0.00174161	1.89043e+015
40.2704	6.12922e+013	0.00435572	6.12922e+013	0.910736	0.0017336	1.8873e+015
40.2259	6.11222e+013	0.00433305	6.11222e+013	0.910959	0.00172561	1.88415e+015
40.1815	6.09347e+013	0.00431053	6.09347e+013	0.91118	0.00171716	1.88045e+015
40.1371	6.07811e+013	0.00428813	6.07811e+013	0.911402	0.0017097	1.87778e+015
40.0928	6.05929e+013	0.00426591	6.05929e+013	0.911622	0.00170129	1.87403e+015
40.0487	6.04214e+013	0.00424383	6.04214e+013	0.911841	0.00169339	1.87079e+015
40.0046	6.02669e+013	0.00422191	6.02669e+013	0.91206	0.00168598	1.86806e+015
39.9607	6.00947e+013	0.00420011	6.00947e+013	0.912277	0.00167812	1.86477e+015
39.9168	5.99222e+013	0.00417849	5.99222e+013	0.912494	0.00167027	1.86146e+015
39.873	5.97494e+013	0.00415701	5.97494e+013	0.91271	0.00166245	1.85813e+015
39.8294	5.95935e+013	0.00413568	5.95935e+013	0.912925	0.00165513	1.85531e+015
39.7858	5.94199e+013	0.00411447	5.94199e+013	0.913139	0.00164734	1.85194e+015
39.7423	5.9246e+013	0.00409339	5.9246e+013	0.913353	0.00163957	1.84854e+015
39.6989	5.90718e+013	0.00407249	5.90718e+013	0.913565	0.00163183	1.84511e+015
39.6556	5.89145e+013	0.00405168	5.89145e+013	0.913777	0.00162458	1.84221e+015
39.6124	5.87743e+013	0.00403103	5.87743e+013	0.913988	0.00161783	1.83983e+015
39.5693	5.8599e+013	0.00401051	5.8599e+013	0.914198	0.00161013	1.83634e+015
39.5263	5.84234e+013	0.00399015	5.84234e+013	0.914407	0.00160246	1.83283e+015
39.4834	5.82648e+013	0.00396991	5.82648e+013	0.914616	0.00159529	1.82984e+015
39.4406	5.81232e+013	0.00394981	5.81232e+013	0.914824	0.0015886	1.82738e+015
39.3978	5.7964e+013	0.00392983	5.7964e+013	0.91503	0.00158146	1.82435e+015
39.3552	5.78044e+013	0.00390998	5.78044e+013	0.915237	0.00157434	1.8213e+015
39.3127	5.7627e+013	0.00389025	5.7627e+013	0.915442	0.00156675	1.81767e+015
39.2702	5.74843e+013	0.00387068	5.74843e+013	0.915646	0.00156014	1.81513e+015
39.2278	5.73062e+013	0.00385119	5.73062e+013	0.91585	0.00155259	1.81146e+015
39.1856	5.71628e+013	0.00383187	5.71628e+013	0.916053	0.00154601	1.80888e+015
39.1434	5.70015e+013	0.00381267	5.70015e+013	0.916255	0.00153897	1.80572e+015
39.1013	5.684e+013	0.00379358	5.684e+013	0.916457	0.00153194	1.80254e+015
39.0593	5.66956e+013	0.00377462	5.66956e+013	0.916658	0.00152541	1.79989e+015
39.0174	5.65509e+013	0.00375579	5.65509e+013	0.916858	0.00151889	1.79723e+015
38.9756	5.64059e+013	0.00373706	5.64059e+013	0.917057	0.00151239	1.79454e+015
38.9338	5.62431e+013	0.00371848	5.62431e+013	0.917255	0.00150543	1.79128e+015
38.8922	5.60975e+013	0.00369999	5.60975e+013	0.917453	0.00149896	1.78856e+015
38.8507	5.5934e+013	0.00368164	5.5934e+013	0.91765	0.00149203	1.78525e+015
38.8092	5.57877e+013	0.0036634	5.57877e+013	0.917846	0.00148559	1.78248e+015
38.7678	5.56235e+013	0.00364526	5.56235e+013	0.918042	0.00147869	1.77914e+015
38.7265	5.54767e+013	0.00362726	5.54767e+013	0.918236	0.00147228	1.77633e+015
38.6853	5.53649e+013	0.00360937	5.53649e+013	0.91843	0.00146682	1.77464e+015
38.6442	5.51998e+013	0.0035916	5.51998e+013	0.918624	0.00145997	1.77123e+015
38.6032	5.5052e+013	0.00357391	5.5052e+013	0.918816	0.0014536	1.76836e+015
38.5623	5.49039e+013	0.00355637	5.49039e+013	0.919008	0.00144725	1.76548e+015
38.5214	5.47555e+013	0.00353893	5.47555e+013	0.919199	0.00144091	1.76257e+015
38.4806	5.46246e+013	0.00352159	5.46246e+013	0.91939	0.00143505	1.76022e+015
38.44	5.44756e+013	0.00350438	5.44756e+013	0.919579	0.00142874	1.75728e+015
38.3994	5.43263e+013	0.00348727	5.43263e+013	0.919768	0.00142244	1.75432e+015
38.3589	5.41767e+013	0.00347027	5.41767e+013	0.919957	0.00141616	1.75133e+015
38.3185	5.40446e+013	0.00345336	5.40446e+013	0.920145	0.00141035	1.7489e+015
38.2781	5.39122e+013	0.00343655	5.39122e+013	0.920332	0.00140456	1.74646e+015
38.2379	5.37439e+013	0.00341986	5.37439e+013	0.920518	0.00139785	1.74284e+015
38.1977	5.36109e+013	0.0034033	5.36109e+013	0.920703	0.00139208	1.74035e+015
38.1576	5.34776e+013	0.00338681	5.34776e+013	0.920888	0.00138633	1.73785e+015
38.1176	5.33441e+013	0.00337044	5.33441e+013	0.921073	0.00138059	1.73533e+015
38.0777	5.32103e+013	0.00335418	5.32103e+013	0.921256	0.00137486	1.73279e+015
38.0379	5.30403e+013	0.00333799	5.30403e+013	0.921439	0.00136822	1.72907e+015
37.9981	5.29238e+013	0.00332191	5.29238e+013	0.921621	0.00136298	1.72707e+015
37.9585	5.27712e+013	0.00330594	5.27712e+013	0.921803	0.00135683	1.72389e+015
37.9189	5.26542e+013	0.00329008	5.26542e+013	0.921984	0.00135162	1.72186e+015
37.8794	5.25009e+013	0.00327429	5.25009e+013	0.922164	0.00134549	1.71864e+015
37.84	5.23834e+013	0.00325863	5.23834e+013	0.922344	0.0013403	1.71658e+015
37.8006	5.22475e+013	0.00324304	5.22475e+013	0.922523	0.00133465	1.71391e+015
37.7614	5.21114e+013	0.00322756	5.21114e+013	0.922701	0.00132902	1.71122e+015
37.7222	5.1975e+013	0.00321216	5.1975e+013	0.922879	0.0013234	1.70852e+015
37.6831	5.18384e+013	0.00319689	5.18384e+013	0.923055	0.0013178	1.70579e+015
37.6441	5.17195e+013	0.00318167	5.17195e+013	0.923232	0.00131266	1.70364e+015
37.6052	5.15822e+013	0.00316656	5.15822e+013	0.923408	0.00130708	1.70088e+015
37.5663	5.14447e+013	0.00315155	5.14447e+013	0.923583	0.00130151	1.6981e+015
37.5276	5.1325e+013	0.0031366	5.1325e+013	0.923758	0.0012964	1.6959e+015
37.4889	5.11869e+013	0.00312178	5.11869e+013	0.923931	0.00129085	1.69308e+015
37.4503	5.10667e+013	0.00310705	5.10667e+013	0.924105	0.00128577	1.69085e+015
37.4117	5.0928e+013	0.00309239	5.0928e+013	0.924277	0.00128024	1.68799e+015
37.3733	5.07891e+013	0.00307783	5.07891e+013	0.924449	0.00127473	1.68512e+015
37.3349	5.06681e+013	0.00306336	5.06681e+013	0.924621	0.00126968	1.68283e+015
37.2966	5.0565e+013	0.00304896	5.0565e+013	0.924792	0.00126509	1.68113e+015
37.2584	5.0407e+013	0.00303467	5.0407e+013	0.924962	0.00125915	1.6776e+015
37.2203	5.02852e+013	0.00302044	5.02852e+013	0.925131	0.00125413	1.67526e+015
37.1822	5.01631e+013	0.00300632	5.01631e+013	0.9253	0.00124913	1.6729e+015
37.1442	5.00408e+013	0.00299229	5.00408e+013	0.925469	0.00124413	1.67053e+015
37.1063	4.99182e+013	0.00297833	4.99182e+013	0.925636	0.00123914	1.66814e+015
37.0685	4.97954e+013	0.00296445	4.97954e+013	0.925804	0.00123416	1.66573e+015
37.0308	4.96722e+013	0.00295066	4.96722e+013	0.92597	0.00122919	1.66331e+015
36.9931	4.95305e+013	0.00293693	4.95305e+013	0.926137	0.00122378	1.66025e+015
36.9555	4.94069e+013	0.0029233	4.94069e+013	0.926302	0.00121883	1.65779e+015
36.918	4.93013e+013	0.00290976	4.93013e+013	0.926467	0.00121434	1.65593e+015
36.8805	4.91772e+013	0.0028963	4.91772e+013	0.926631	0.00120941	1.65344e+015
36.8432	4.90527e+013	0.00288289	4.90527e+013	0.926795	0.00120449	1.65093e+015
36.8059	4.89465e+013	0.00286961	4.89465e+013	0.926958	0.00120003	1.64902e+015
36.7687	4.88216e+013	0.00285636	4.88216e+013	0.927121	0.00119513	1.64648e+015
36.7315	4.86964e+013	0.00284322	4.86964e+013	0.927283	0.00119024	1.64391e+015
36.6945	4.85709e+013	0.00283014	4.85709e+013	0.927445	0.00118535	1.64134e+015
36.6575	4.84452e+013	0.00281716	4.84452e+013	0.927605	0.00118048	1.63874e+015
36.6206	4.83192e+013	0.00280422	4.83192e+013	0.927766	0.00117561	1.63613e+015
36.5837	4.823e+013	0.00279139	4.823e+013	0.927926	0.00117166	1.63475e+015
36.5469	4.81035e+013	0.00277863	4.81035e+013	0.928085	0.00116681	1.6321e+015
36.5103	4.79768e+013	0.00276595	4.79768e+013	0.928244	0.00116197	1.62944e+015
36.4736	4.78684e+013	0.00275332	4.78684e+013	0.928402	0.00115759	1.62739e+015
36.4371	4.77597e+013	0.00274078	4.77597e+013	0.92856	0.00115322	1.62532e+015
36.4006	4.76508e+013	0.00272832	4.76508e+013	0.928717	0.00114885	1.62324e+015
